9.06203, -13.47368
12.65647, -12.27968
16.83556, -8.07478
18.30924, -6.11767
15.49494, -6.78066
17.01676, -3.97933
15.91675, -2.59796
14.64682, -4.77068
15.37607, -11.92781
11.25977, -11.17038
12.21811, -9.68161
10.64024, -6.71387
9.08529, -7.99291
10.12262, -9.64264
7.34435, -10.70283
9.49576, -11.49914
15.43988, 1.27974
16.99706, 2.19496
13.57059, 4.19528
13.69571, 1.27102
11.82536, 5.01346
11.99298, 2.47536
12.43225, -0.17630
14.29093, -1.86995
13.05840, -3.48292
12.17910, -5.02711
12.56760, -6.80929
14.37664, -8.24810
13.99600, -10.66807
17.96010, -1.85893
16.44101, -0.69856
18.84237, 2.04650
8.03301, -3.59438
7.70784, -5.47564
10.01541, -4.78383
7.23776, -8.18772
5.95250, -5.62815
5.87910, -3.61557
4.27357, -4.55513
1.61084, -3.87512
10.21653, -2.91096
11.70530, -1.93746
10.78043, 0.95782
9.26871, -0.10775
7.58677, 0.52447
5.70764, 0.46302
8.09934, -1.79800
5.12039, -1.65721
15.75281, 10.69454
13.99763, 10.79260
14.57814, 7.45927
13.19904, 8.81969
10.46827, 8.06520
10.31385, 6.35807
12.79888, 7.05602
14.90194, 5.42786
1.03438, -5.64151
3.59634, -6.51727
5.14715, -7.48693
3.34643, -9.93128
4.96472, -9.25955
16.66906, 5.58663
18.61746, 4.16860
16.23253, 7.88807
5.10586, 3.43142
4.36938, 1.55900
7.19082, 2.28809
10.07965, 10.27284
12.07507, 11.06323
12.17766, 12.80928
10.70939, 13.76068
9.91767, 15.57561
9.11403, 3.03117
10.03239, 4.54546
7.20045, 4.09515
8.14848, 6.65784
5.79515, 7.92182
5.37024, 5.40820
3.55923, 5.59484
2.15794, 2.62185
3.38009, 11.29779
0.95477, 8.60740
0.02796, 10.81060
-1.56209, 9.85966
-0.80131, 8.26834
0.61904, 6.40237
-0.06397, 3.71607
1.99390, 4.48591
8.57549, 12.52115
7.04096, 11.57163
6.48490, 9.70200
8.23649, 10.13511
7.70411, 8.40124
2.24685, 7.18536
4.09806, 7.32008
4.39245, 9.14237
0.98855, 12.35277
4.59060, 12.63361
5.15056, 10.96882
-0.62484, 14.15873
0.87112, 15.15175
-1.62837, 16.30824
-0.58277, 18.62272
-2.36013, 18.40944
6.39198, 13.17841
8.07429, 14.28348
8.45887, 17.49236
6.29204, 15.94688
3.98360, 18.72404
4.81394, 14.82923
3.04797, 16.83760
3.02762, 14.35577
-7.13812, 12.66093
-4.78138, 15.17455
-7.36971, 15.80098
-8.93276, 14.88834
-8.40499, 17.45851
-11.93243, 14.53078
-10.10926, 13.33284
-7.28540, 8.53937
-4.68711, 16.92458
-6.57465, 17.59385
-2.38092, 14.62718
-3.17117, 12.57679
-1.51446, 11.77215
-7.48579, 10.25704
-5.54746, 11.71644
-4.82256, 13.41183
-15.72301, 7.02910
-13.51996, 6.56549
-12.32129, 5.20228
-13.58731, 0.51903
-16.13435, 2.00753
-12.62547, 1.98699
-13.42640, 3.74355
-14.97952, 5.35550
-10.62105, 5.48704
-10.84407, 8.50619
-10.17240, 10.71323
-11.76429, 9.94298
-11.64634, 12.30395
-13.96610, 10.17398
-13.97166, 8.35558
-17.20553, 9.17346
-1.66908, 6.67340
-3.42701, 7.67039
-3.29464, 10.57254
-5.24681, 9.70574
-9.09693, 8.78591
-8.74264, 5.82160
-7.25994, 6.75206
-4.22660, 4.27163
-15.44246, 3.67543
-17.04693, 5.83060
-18.91843, 2.57634
-17.77960, 1.15050
-18.29783, -0.61685
-16.34820, -0.47853
-2.19973, 4.95242
-4.77711, 6.54253
-12.08647, -0.46506
-9.52904, -1.05732
-11.08816, -1.97306
-14.08123, -6.60143
-12.03434, -4.51558
-13.86583, -4.77028
-12.84836, -2.47058
-14.72988, -1.02013
-7.57483, 0.42394
-5.27370, 1.22480
-6.11162, 2.78717
-8.46398, 1.94566
-6.42615, 5.14718
-8.19865, 4.09662
-11.64617, 3.49794
-10.11046, 1.26326
0.10138, 1.73123
-2.04144, 2.34867
-1.37126, 0.51980
-4.07786, 2.49561
-3.88394, 0.05255
-1.39422, -1.72047
-0.17841, -3.62675
2.55671, -2.40937
-14.67152, -2.90319
-16.97183, -2.61369
-17.63094, -4.32665
-16.02591, -5.23209
-17.52290, -8.21105
0.33701, -1.23071
3.39347, 0.06242
1.74781, 0.90314
-9.83475, -6.66244
-6.95354, -7.75599
-7.01840, -9.53851
-11.13541, -11.24730
-9.37508, -10.80047
-8.93684, -8.28638
-10.99167, -8.74690
-12.29958, -6.74417
-2.20998, -3.27767
-3.91818, -4.60294
-5.36566, -2.50820
-5.89560, -0.73908
-6.54591, -4.47468
-7.96477, -3.31747
-9.33442, -4.40709
-7.54248, -6.04098
-0.10803, -7.47879
-1.56670, -4.96362
-2.97202, -6.12492
-4.79687, -6.38509
-2.40554, -7.80246
-4.47571, -8.20187
-1.86261, -10.63237
-0.02496, -10.84499
-13.91528, -8.76624
-15.64236, -7.61398
-15.73069, -10.07779
-12.99753, -10.50289
-12.07030, -14.18745
1.88184, -11.08775
0.66401, -9.26276
2.51441, -7.96979
-8.33961, -15.52650
-6.69601, -17.00861
-6.89795, -14.37721
1.26505, -17.32077
2.25861, -15.82050
0.96523, -12.77860
-0.33513, -15.08888
-2.22938, -13.76090
-4.88963, -16.28544
-5.01977, -13.74040
-3.09209, -12.21035
-4.50598, -11.00212
-6.13694, -11.52610
-8.06442, -13.05300
-9.89909, -13.01764
-10.56301, -15.18016
5.25787, -12.38207
3.54760, -11.70981
2.45842, -13.76888
4.74398, -14.65244
4.03948, -16.33511
3.36527, -18.03037
5.54396, -18.15576
6.86376, -16.42417
-1.78346, -16.15920
-3.58391, -14.99969
-3.31901, -17.12039
-5.20070, -19.07708
-0.98843, -19.23835
9.18617, -15.31634
7.16230, -14.67531
7.09432, -12.60951
