-1.74698, -16.14337
1.77157, -17.54533
7.67673, -17.02075
10.06459, -16.47296
7.48483, -15.16733
10.45330, -14.00477
10.50165, -12.23960
8.13076, -13.08356
4.07850, -19.02793
1.41774, -15.79715
3.10974, -15.27565
3.81438, -11.98921
1.80111, -11.96599
1.53196, -13.89608
-1.27610, -12.91749
-0.14336, -14.91238
12.63461, -8.96629
14.41524, -9.26924
13.08271, -5.53208
11.29483, -7.84950
12.27476, -3.78209
10.76812, -5.83151
9.39613, -8.14276
9.72696, -10.63549
7.74522, -11.07538
6.07798, -11.69019
5.22721, -13.30366
5.68420, -15.56948
3.83428, -17.17539
12.54069, -12.99046
12.12613, -11.12439
15.73113, -10.57140
3.82940, -7.92367
2.36890, -9.15324
4.57963, -10.11041
0.26241, -10.92497
0.92797, -8.13924
2.16818, -6.55250
0.33488, -6.23703
-1.26389, -4.00175
5.93983, -8.80736
7.70567, -9.02167
8.86314, -6.21128
7.02043, -6.05262
6.14111, -4.48564
4.66414, -3.32225
5.03722, -6.59230
2.84925, -4.56580
18.93827, -1.96628
17.65885, -0.76071
15.95582, -3.68437
15.77720, -1.75545
13.20239, -0.57361
11.98466, -1.77997
14.33509, -2.84676
14.89502, -5.44681
-2.84262, -4.98158
-1.44701, -7.30168
-0.88535, -9.04231
-3.83722, -9.75216
-2.16668, -10.28072
16.34900, -6.46360
16.92599, -8.80330
17.49750, -4.42200
6.11584, -0.66404
4.34642, -1.62191
6.97422, -2.88157
14.32712, 1.36538
16.36257, 0.68466
17.56571, 1.95417
17.05542, 3.62767
17.61886, 5.52591
8.92396, -3.55196
10.60183, -2.98518
8.14556, -1.50551
10.52142, -0.15590
9.53547, 2.32678
7.59136, 0.67775
6.32630, 1.98703
3.33946, 0.61553
9.86268, 6.46473
6.27456, 5.96900
6.98475, 8.25125
5.15596, 8.54805
4.71290, 6.84077
4.59743, 4.49858
2.34468, 2.88370
4.41466, 2.14705
14.62474, 4.05402
12.83934, 4.31614
11.20973, 3.24419
12.82853, 2.44724
11.30447, 1.46388
6.34693, 4.04899
7.84973, 2.95963
9.24869, 4.16391
8.71287, 8.81215
11.64906, 6.70681
11.00505, 5.07268
8.64202, 11.23279
10.42594, 11.02878
9.25895, 13.52339
11.54956, 14.62030
10.05264, 15.60199
13.37789, 5.96322
15.37652, 5.72490
17.73761, 7.93172
15.08468, 8.14526
15.10774, 11.75649
13.23415, 8.24242
13.17695, 10.91617
11.56278, 9.03087
2.69511, 14.28245
6.11690, 14.68714
4.54054, 16.83352
2.75707, 17.14221
4.81629, 18.76824
0.23225, 18.80087
0.85521, 16.71018
-0.07234, 11.22464
7.31625, 15.96505
6.30353, 17.69280
7.60050, 12.72225
5.67531, 11.66288
6.42428, 9.98027
0.88076, 12.66760
3.30346, 12.53541
4.94999, 13.36532
-7.49926, 15.50427
-6.11272, 13.73061
-6.07390, 11.91577
-10.05891, 9.14893
-11.04841, 11.92812
-8.37763, 9.65226
-7.85883, 11.51178
-8.00855, 13.74520
-4.58994, 11.03842
-2.81582, 13.49149
-0.88044, 14.74707
-2.59425, 15.18325
-0.98327, 16.91324
-4.12967, 16.77819
-5.30519, 15.39083
-7.25204, 18.09946
3.02178, 6.17972
2.31928, 8.07466
4.28988, 10.20931
2.23830, 10.80372
-1.29922, 12.58008
-2.93760, 10.08441
-1.20412, 9.84109
-0.48156, 5.98991
-9.44484, 12.75827
-9.28393, 15.44028
-12.81164, 14.15650
-12.85893, 12.33230
-14.39373, 11.31423
-12.81332, 10.16422
1.50735, 5.20511
0.56008, 8.08156
-9.54475, 7.42945
-7.97001, 5.32911
-9.75246, 5.63291
-15.02317, 4.02048
-12.11392, 4.29754
-13.67892, 5.28241
-11.41935, 6.38613
-11.92429, 8.70754
-5.52108, 5.20340
-3.24504, 4.33379
-2.87963, 6.06860
-5.22103, 6.94012
-1.60008, 8.07642
-3.63259, 8.41454
-6.65530, 10.17722
-6.92001, 7.47869
1.19267, 1.25895
-0.04871, 3.11148
-0.71409, 1.28087
-1.51176, 4.53559
-2.93706, 2.54194
-2.17466, -0.41798
-2.47254, -2.65927
0.40375, -3.48982
-13.09257, 7.22956
-14.66565, 8.93269
-16.27318, 8.04696
-15.62867, 6.32053
-18.69257, 5.00611
-0.53494, -1.15848
2.63595, -2.13807
1.91867, -0.43497
-11.81424, 1.23855
-10.31473, -1.45378
-11.51250, -2.77550
-15.76237, -1.43072
-14.12804, -2.22280
-12.17343, -0.58199
-14.04185, 0.38931
-13.75229, 2.76369
-3.80169, -1.08366
-5.96196, -0.99710
-5.71990, 1.53757
-4.98573, 3.23216
-7.88936, 0.79360
-8.22928, 2.59269
-9.97881, 2.64144
-9.66054, 0.23742
-4.89990, -5.65111
-4.39559, -2.78763
-6.21857, -2.77073
-7.78201, -1.79431
-6.86580, -4.41880
-8.70658, -3.39088
-8.27331, -6.93318
-7.00461, -8.27949
-16.29064, 2.25768
-16.86952, 4.25152
-18.52408, 2.42379
-16.70725, 0.33814
-18.37131, -3.07752
-5.70242, -9.69340
-5.45845, -7.51299
-3.21020, -7.71585
-16.38013, -6.50481
-16.07757, -8.69719
-14.53709, -6.55431
-10.18905, -14.06388
-8.46270, -13.55626
-7.49267, -10.39635
-9.97545, -11.32594
-10.56902, -9.09001
-14.23002, -9.30756
-12.69025, -7.27698
-10.23018, -7.34827
-10.53345, -5.51335
-12.11851, -4.86361
-14.57639, -4.79003
-15.95699, -3.58123
-17.85777, -4.80774
-3.95372, -12.85803
-4.82893, -11.24218
-6.98836, -12.11563
-5.80921, -14.26367
-7.43195, -15.09700
-9.03962, -15.95947
-7.45386, -17.45873
-5.32895, -16.98431
-11.77273, -11.21175
-12.40307, -9.16510
-13.56643, -10.95790
-16.26612, -11.24257
-13.14795, -14.07916
-2.83892, -17.63282
-3.97412, -15.83886
-2.69549, -14.21490
