16.20600, -1.01287
17.44690, 2.56566
16.65499, 8.44094
15.99944, 10.80150
14.81218, 8.16516
13.51616, 11.07784
11.75061, 11.04607
12.70126, 8.71590
18.82333, 4.93747
15.71657, 2.13288
15.11885, 3.79948
11.80384, 4.35432
11.87197, 2.34207
13.81228, 2.16075
12.96208, -0.68881
14.90353, 0.53326
8.38392, 13.02834
8.60578, 14.82088
4.93291, 13.32020
7.32905, 11.63928
3.22138, 12.43369
5.33703, 11.02157
7.70815, 9.75584
10.18330, 10.19940
10.71263, 8.23966
11.40244, 6.60202
13.05284, 5.82532
15.29560, 6.38463
16.98378, 4.60946
12.40820, 13.11706
10.56286, 12.61828
9.84691, 16.19448
7.74180, 4.18490
9.03635, 2.78168
9.89226, 5.03355
10.90182, 0.75773
8.08877, 1.29623
6.44740, 2.46319
6.21541, 0.61747
4.05496, -1.08106
8.52885, 6.33324
8.66283, 8.10699
5.80282, 9.13578
5.72792, 7.28777
4.20244, 6.33827
3.10725, 4.81005
6.35701, 5.33108
4.43185, 3.05343
1.10516, 19.00797
-0.04113, 17.67518
2.95677, 16.10653
1.03794, 15.84059
-0.02588, 13.21482
1.23448, 12.05307
2.19355, 14.44947
4.76552, 15.12677
5.10540, -2.61371
7.35981, -1.11430
9.07317, -0.47425
9.91619, -3.39088
10.36842, -1.69808
5.71531, 16.62538
8.02642, 17.30791
3.62371, 17.68008
0.38593, 6.13967
1.42307, 4.41553
2.56223, 7.09776
-2.01389, 14.25043
-1.42621, 16.31467
-2.74899, 17.45898
-4.39762, 16.87330
-6.31946, 17.35005
3.14348, 9.07590
2.50118, 10.72633
1.13445, 8.20547
-0.32154, 10.51766
-2.75694, 9.42010
-1.02142, 7.55280
-2.27196, 6.22965
-0.76638, 3.30810
-6.90547, 9.55927
-6.24748, 5.99733
-8.55960, 6.60326
-8.77314, 4.76289
-7.04752, 4.39773
-4.70250, 4.38863
-2.98709, 2.21145
-2.34510, 4.31272
-4.71327, 14.42579
-4.89413, 12.63033
-3.74936, 11.05103
-3.02666, 12.70431
-1.97518, 11.22643
-4.33274, 6.15672
-3.31267, 7.70739
-4.57917, 9.05029
-9.19832, 8.30416
-7.22834, 11.33283
-5.56668, 10.76361
-11.61325, 8.12357
-11.49038, 9.91491
-13.92948, 8.63595
-15.12917, 10.87445
-16.04195, 9.33454
-6.56395, 13.09360
-6.41653, 15.10099
-8.72818, 17.35955
-8.82116, 14.69965
-12.42972, 14.55887
-8.83428, 12.84662
-11.50268, 12.66819
-9.54610, 11.14121
-14.39000, 2.04444
-14.94950, 5.44435
-17.02216, 3.77224
-17.24963, 1.97661
-18.96740, 3.95994
-18.79205, -0.62085
-16.73178, 0.09630
-11.20981, -0.58145
-16.28050, 6.58449
-17.96053, 5.49444
-13.05394, 7.01555
-11.90832, 5.14041
-10.26142, 5.96493
-12.69451, 0.30521
-12.67236, 2.73142
-13.57611, 4.33861
-15.14812, -8.19486
-13.43918, -6.72928
-11.62797, -6.60819
-8.68321, -10.46357
-11.41465, -11.57814
-9.26229, -8.80686
-11.14343, -8.37295
-13.36776, -8.62383
-10.81885, -5.08595
-13.34986, -3.42494
-14.69195, -1.54851
-15.04994, -3.28034
-16.85122, -1.74949
-16.57358, -4.88653
-15.13433, -5.99791
-17.75186, -8.06562
-6.31043, 2.73834
-8.17156, 1.95060
-10.39340, 3.82234
-10.89414, 1.74591
-12.50820, -1.86856
-9.94077, -3.39203
-9.77634, -1.64930
-5.96190, -0.75278
-12.31669, -10.01387
-15.00324, -9.97479
-13.56076, -13.44063
-11.73629, -13.40512
-10.64964, -14.89216
-9.57251, -13.26121
-5.26813, 1.26967
-8.09865, 0.19290
-6.98882, -9.87195
-4.96208, -8.20355
-5.18471, -9.99795
-3.33484, -15.19009
-3.74359, -12.29640
-4.65646, -13.90446
-5.86154, -11.69729
-8.15766, -12.30702
-4.94759, -5.75144
-4.18212, -3.43830
-5.93173, -3.15195
-6.69614, -5.53048
-7.99552, -1.96481
-8.24109, -4.01056
-9.86484, -7.11011
-7.15707, -7.25214
-1.31176, 1.13434
-3.10607, -0.18981
-1.24716, -0.77146
-4.46234, -1.71595
-2.40609, -3.04935
0.51620, -2.15346
2.76869, -2.34937
3.46791, 0.56164
-6.62820, -13.40705
-8.25821, -15.05577
-7.30047, -16.62146
-5.60506, -15.89930
-4.15301, -18.90042
1.18155, -0.48184
2.01629, 2.73022
0.34749, 1.93642
-0.70135, -11.85826
1.92019, -10.23816
3.29488, -11.37475
2.14427, -15.68124
2.86140, -14.01266
1.13362, -12.13450
0.24808, -14.04505
-2.13700, -13.86350
1.25500, -3.74861
1.26652, -5.91059
-1.27652, -5.78376
-3.00266, -5.12722
-0.43490, -7.91723
-2.21671, -8.33842
-2.18605, -10.08836
0.20106, -9.66137
5.86756, -4.63850
2.98416, -4.26461
3.04997, -6.08648
2.14548, -7.69261
4.72571, -6.65828
3.78234, -8.54380
7.30134, -7.95028
8.58872, -6.62182
-1.51636, -16.37629
-3.48189, -17.04501
-1.58098, -18.61496
0.42010, -16.70539
3.90773, -18.21279
9.94210, -5.25683
7.75287, -5.11202
7.85353, -2.85688
7.24117, -16.06819
9.41756, -15.66649
7.20701, -14.22480
14.51161, -9.54059
13.92620, -7.83904
10.72554, -7.01335
11.76680, -9.45140
9.56009, -10.14579
9.94349, -13.79315
7.84516, -12.34708
7.80478, -9.88631
5.98550, -10.27250
5.40834, -11.88540
5.44633, -14.34410
4.30140, -15.77811
5.61288, -17.62130
13.02415, -3.36638
11.44967, -4.31398
12.42017, -6.43157
14.51251, -5.15619
15.41859, -6.73945
16.35311, -8.30635
17.77888, -6.65421
17.20856, -4.55301
11.73426, -11.25201
9.71830, -11.97454
11.56203, -13.05538
11.96888, -15.73938
14.66110, -12.49574
17.74345, -2.03612
16.00284, -3.25153
14.32255, -2.04789
