11.74390, -11.21343
14.99811, -9.27543
18.17677, -4.27122
19.19581, -2.04332
16.58953, -3.29517
17.47430, -0.23240
16.10333, 0.88053
15.32958, -1.51420
17.57870, -8.34778
13.39578, -8.49193
14.01207, -6.83210
11.83373, -4.27242
10.58971, -5.85552
11.95710, -7.24401
9.47130, -8.87607
11.74351, -9.19182
14.80490, 4.56538
16.12923, 5.79362
12.35314, 7.01150
13.10328, 4.18232
10.47294, 7.43583
11.18167, 4.99293
12.18009, 2.49745
14.35910, 1.24244
13.50168, -0.59757
12.97449, -2.29456
13.73662, -3.95173
15.81242, -4.96852
15.96032, -7.41378
17.94031, 2.04111
16.20749, 2.84821
17.96336, 6.04488
8.61746, -1.78556
8.70385, -3.69276
10.80903, -2.52157
8.82711, -6.44252
7.02221, -4.21865
6.51835, -2.26878
5.15203, -3.53118
2.40539, -3.43882
10.60329, -0.64920
11.84828, 0.62128
10.32327, 3.25041
9.07563, 1.88508
7.29717, 2.14138
5.47507, 1.67786
8.29649, -0.01685
5.35681, -0.51903
13.08884, 13.82774
11.35354, 13.54662
12.63629, 10.41570
10.99724, 11.44825
8.49218, 10.12497
8.70795, 8.42449
10.98513, 9.63979
13.38876, 8.50121
2.22168, -5.28779
4.91193, -5.59298
6.63478, -6.20700
5.40096, -8.98101
6.83725, -7.97744
15.08056, 9.03574
17.28802, 8.06918
14.16001, 11.18975
4.24991, 4.44778
3.93268, 2.46089
6.53174, 3.77883
7.63857, 12.19766
9.41772, 13.39809
9.14298, 15.12544
7.50466, 15.73936
6.34168, 17.34194
8.25052, 4.91756
8.82229, 6.59373
6.15310, 5.54581
6.52872, 8.25229
3.95886, 8.98145
4.08363, 6.43522
2.27479, 6.22861
1.54460, 3.02408
0.87520, 11.76007
-0.91581, 8.61164
-2.29411, 10.56442
-3.64287, 9.29422
-2.55812, 7.90339
-0.77022, 6.38595
-0.86045, 3.61564
0.98410, 4.80943
5.68671, 14.07052
4.39187, 12.81363
4.25026, 10.86822
5.86799, 11.66734
5.72035, 9.85960
0.65149, 7.50022
2.43058, 8.02932
2.32679, 9.87231
-1.68708, 12.27688
1.77063, 13.32467
2.67502, 11.81895
-3.65064, 13.69426
-2.40281, 14.98535
-5.09234, 15.57814
-4.56813, 18.06315
-6.25823, 17.47318
3.41300, 14.24357
4.81877, 15.68411
4.50532, 18.90072
2.72090, 16.92600
-0.13004, 19.14267
1.51728, 15.51703
-0.63876, 17.09932
-0.12570, 14.67102
-9.69035, 10.83277
-7.92836, 13.79383
-10.59082, 13.84985
-11.92143, 12.62285
-11.95788, 15.24640
-14.77435, 11.62950
-12.73646, 10.85100
-8.94915, 6.77574
-8.21208, 15.52328
-10.19930, 15.77162
-5.46635, 13.77469
-5.79787, 11.60244
-4.00703, 11.17233
-9.51371, 8.41030
-7.93399, 10.25188
-7.59005, 12.06338
-16.86563, 3.48884
-14.61441, 3.50912
-13.15097, 2.43511
-13.38180, -2.41075
-16.18906, -1.50392
-12.75763, -0.77050
-13.91706, 0.77310
-15.78010, 2.01394
-11.55155, 3.07832
-12.41768, 5.97916
-12.23562, 8.27894
-13.62496, 7.18482
-14.01675, 9.51605
-15.82502, 6.93763
-15.43997, 5.16045
-18.77403, 5.26483
-3.06316, 6.15932
-4.99417, 6.75555
-5.48808, 9.61843
-7.20858, 8.35265
-10.77137, 6.62753
-9.78880, 3.80845
-8.54049, 5.03559
-5.04527, 3.26438
-15.87147, 0.27365
-17.90130, 2.03401
-19.03034, -1.54622
-17.61189, -2.69424
-17.73853, -4.53165
-15.86407, -3.97790
-3.21188, 4.36453
-6.07058, 5.36409
-11.70466, -3.04960
-9.07970, -3.07888
-10.40581, -4.30805
-12.33519, -9.47117
-10.78395, -6.99444
-12.51802, -7.63649
-12.01812, -5.17195
-14.16721, -4.15936
-7.48916, -1.21254
-5.41368, 0.06378
-6.56755, 1.40977
-8.68433, 0.08276
-7.38153, 3.64718
-8.88708, 2.24052
-12.12562, 0.91550
-10.14588, -0.93728
-0.27274, 1.71261
-2.49816, 1.85551
-1.45089, 0.21322
-4.51863, 1.56173
-3.80462, -0.78269
-0.99225, -1.97973
0.60455, -3.58046
3.01444, -1.80415
-13.70585, -5.98596
-16.01466, -6.19717
-16.29057, -8.01170
-14.52854, -8.55136
-15.35093, -11.78229
0.59343, -1.12963
3.30091, 0.78967
1.51310, 1.25739
-8.17466, -8.61888
-5.12584, -9.06823
-4.80642, -10.82310
-8.46046, -13.37609
-6.83714, -12.56168
-6.94899, -10.01213
-8.85699, -10.90315
-10.56445, -9.22800
-1.45460, -3.67577
-2.83836, -5.33694
-4.70189, -3.60189
-5.59936, -1.98783
-5.43234, -5.77593
-7.06659, -4.95040
-8.17031, -6.30872
-6.06932, -7.51970
1.50045, -7.32753
-0.46429, -5.18426
-1.58746, -6.62024
-3.31386, -7.26619
-0.67396, -8.13700
-2.61007, -8.97163
0.46399, -10.78431
2.30443, -10.59736
-11.70825, -11.54985
-13.64247, -10.79533
-13.19967, -13.22064
-10.43899, -13.04891
-8.74218, -16.44841
4.21888, -10.42500
2.63756, -8.90410
4.16715, -7.24394
-4.81098, -16.95511
-2.88746, -18.04971
-3.64974, -15.52306
4.95492, -16.64507
5.60314, -14.96644
3.68673, -12.27323
2.91280, -14.80885
0.77758, -13.91861
-1.27850, -16.95552
-1.95212, -14.49779
-0.39796, -12.58949
-2.03832, -11.71306
-3.51872, -12.57504
-5.07336, -14.48022
-6.87282, -14.83965
-7.05688, -17.09429
7.79409, -10.96417
5.97936, -10.67486
5.35773, -12.91977
7.77971, -13.29193
7.45297, -15.08663
7.15853, -16.88712
9.31332, -16.54174
10.23050, -14.56714
1.72810, -16.16522
-0.27935, -15.41937
0.43477, -17.43372
-0.98286, -19.74882
3.16578, -19.00182
12.26084, -12.98645
10.14653, -12.79497
9.63653, -10.79196
