-6.68813, 14.79626
-10.43137, 14.21842
-15.25318, 10.76934
-17.03260, 9.08541
-14.14715, 9.26978
-16.11483, 6.76147
-15.26060, 5.21600
-13.64611, 7.14650
-13.17156, 14.32502
-9.23922, 12.89173
-10.43242, 11.58363
-9.37157, 8.39431
-7.62509, 9.39612
-8.37277, 11.19574
-5.45660, 11.77776
-7.44508, 12.92170
-15.43708, 1.31307
-17.12509, 0.67036
-14.08019, -1.87338
-13.71588, 1.03080
-12.49585, -2.97115
-12.23784, -0.44064
-12.22875, 2.24715
-13.77895, 4.22705
-12.29469, 5.61187
-11.17018, 6.98780
-11.25603, 8.80981
-12.79978, 10.53017
-12.02090, 12.85277
-17.39858, 4.82808
-16.09428, 3.43062
-18.91979, 1.12448
-7.32109, 4.88370
-6.68673, 6.68439
-9.07736, 6.38709
-5.77095, 9.28009
-4.93054, 6.54203
-5.19381, 4.54539
-3.45407, 5.20404
-0.94204, 4.08950
-9.58800, 4.57399
-11.21827, 3.86241
-10.78920, 0.85343
-9.12094, 1.65197
-7.56799, 0.74811
-5.70493, 0.49532
-7.68606, 3.12354
-4.77231, 2.48793
-17.31573, -7.91769
-15.60147, -8.30710
-15.61796, -4.92363
-14.48505, -6.49499
-11.66670, -6.20648
-11.22974, -4.54900
-13.79637, -4.82276
-15.59845, -2.86667
-0.07906, 5.73501
-2.45910, 7.02576
-3.82648, 8.24047
-1.64334, 10.35028
-3.35099, 9.95784
-17.36730, -2.72852
-19.05194, -1.00541
-17.32069, -5.07052
-5.60661, -2.53187
-4.56819, -0.80849
-7.47170, -1.05684
-11.65168, -8.44801
-13.75098, -8.89456
-14.14331, -10.59904
-12.85427, -11.78198
-12.37631, -13.70353
-9.49190, -1.46879
-10.64994, -2.80871
-7.78255, -2.83699
-9.14469, -5.20569
-7.03510, -6.84444
-6.19696, -4.43688
-4.44243, -4.92292
-2.56497, -2.22526
-5.21687, -10.57589
-2.37685, -8.32764
-1.83044, -10.65455
-0.10406, -9.98209
-0.58881, -8.28619
-1.67808, -6.20948
-0.55665, -3.67469
-2.71409, -4.09057
-10.54354, -10.91568
-8.87214, -10.23537
-8.01208, -8.48466
-9.81137, -8.61959
-8.99729, -6.99878
-3.41368, -6.71004
-5.26143, -6.53414
-5.85560, -8.28182
-3.03476, -12.01492
-6.63321, -11.69113
-6.90769, -9.95626
-1.74514, -14.06465
-3.38576, -14.79429
-1.11414, -16.35142
-2.53108, -18.45912
-0.74304, -18.54523
-8.50021, -11.92788
-10.34325, -12.73691
-11.25759, -15.83672
-8.86337, -14.67424
-7.05040, -17.79749
-7.21958, -13.81875
-5.81327, -16.09350
-5.37931, -13.64982
4.92671, -13.67404
2.18378, -15.75943
4.63140, -16.80874
6.32476, -16.16955
5.37575, -18.61571
9.34205, -16.31725
7.74419, -14.83203
5.75927, -9.63476
1.79898, -17.46923
3.54847, -18.44391
-0.09178, -14.81941
1.02934, -12.92951
-0.46997, -11.85986
5.67040, -11.36179
3.51584, -12.47751
2.51835, -14.02826
14.33059, -9.55277
12.23570, -8.72825
11.28116, -7.18423
13.31048, -2.77770
15.57361, -4.67012
12.11730, -4.06470
12.61407, -5.93023
13.87662, -7.77862
9.55725, -7.18145
9.27364, -10.19552
8.24332, -12.25964
9.94137, -11.76565
9.43133, -14.07389
12.07382, -12.36061
12.38255, -10.56860
15.43474, -11.91434
0.53279, -6.85830
2.09984, -8.13449
1.48533, -10.97392
3.55472, -10.44483
7.50432, -10.17996
7.64935, -7.19808
6.03224, -7.86824
3.45503, -4.91667
14.61326, -6.19928
15.83584, -8.59185
18.22385, -5.69526
17.33874, -4.09947
18.14446, -2.44330
16.19906, -2.25454
1.34302, -5.24991
3.61912, -7.24758
11.99477, -1.55710
9.57192, -0.54663
11.26192, 0.09627
14.98495, 4.16067
12.61887, 2.44539
14.46718, 2.39109
13.08045, 0.29328
14.69373, -1.45064
7.39805, -1.68124
4.99559, -2.08714
5.56122, -3.76736
8.02097, -3.32994
5.47777, -6.14678
7.40064, -5.40653
10.89973, -5.39117
9.75820, -2.93168
-0.38867, -1.69008
1.62117, -2.65622
1.26537, -0.74121
3.60456, -3.14072
3.82079, -0.69954
1.66161, 1.46387
0.78074, 3.54621
-2.11910, 2.80201
14.95022, 0.41579
17.17004, -0.25328
18.10559, 1.32577
16.67403, 2.48620
18.64686, 5.17379
-0.12705, 1.26968
-3.35636, 0.50438
-1.87394, -0.59901
10.80811, 4.92901
8.14962, 6.48774
8.51084, 8.23449
12.85517, 9.23275
11.04497, 9.08575
10.19360, 6.67995
12.29645, 6.79134
13.25205, 4.59854
2.72564, 2.86321
4.63094, 3.88505
5.70881, 1.57825
5.93629, -0.25447
7.20048, 3.32036
8.40648, 1.94274
9.93867, 2.78869
8.44431, 4.69853
1.35374, 7.35604
2.37254, 4.63284
3.95185, 5.54350
5.79452, 5.49570
3.67306, 7.29203
5.78084, 7.34060
3.60967, 10.17285
1.83322, 10.68896
15.18235, 6.32285
16.69308, 4.89870
17.19105, 7.31328
14.56707, 8.18822
14.26729, 11.97582
-0.00640, 11.24631
0.89003, 9.24378
-1.15009, 8.27750
10.81216, 13.91828
9.43874, 15.65374
9.19902, 13.02551
1.64123, 17.28918
0.41139, 15.97562
1.17935, 12.76062
2.84679, 14.82169
4.49305, 13.19640
7.53706, 15.24194
7.24094, 12.71084
5.08509, 11.52369
6.27769, 10.09659
7.97319, 10.34124
10.12832, 11.52531
11.93140, 11.18448
12.94666, 13.20600
-3.11930, 13.08552
-1.54509, 12.13746
-0.12777, 13.98605
-2.23397, 15.23839
-1.25873, 16.78001
-0.31124, 18.33910
-2.43851, 18.82607
-4.02861, 17.33882
4.45333, 15.63549
6.03520, 14.19195
6.12768, 16.32713
8.30933, 17.94261
4.18294, 18.80410
-6.50324, 16.63381
-4.61462, 15.66424
-4.89209, 13.61604
