-15.78391, 3.81162
-17.62737, 0.50294
-17.86772, -5.42059
-17.63203, -7.85912
-16.00502, -5.46900
-15.23447, -8.56248
-13.49022, -8.83778
-14.02179, -6.37793
-19.39474, -1.59382
-15.84817, 0.62867
-15.54894, -1.11640
-12.38063, -2.23845
-12.09831, -0.24494
-13.97765, 0.27056
-12.64555, 2.92919
-14.76971, 2.06282
-10.51889, -11.37456
-11.04866, -13.10134
-7.17100, -12.26124
-9.23885, -10.18978
-5.33153, -11.68541
-7.16983, -9.92737
-9.28513, -8.26912
-11.79970, -8.27614
-11.98068, -6.25425
-12.37564, -4.52171
-13.86610, -3.47022
-16.17190, -3.63158
-17.52618, -1.59023
-14.49745, -10.76312
-12.59352, -10.59236
-12.50946, -14.23855
-8.35088, -2.77697
-9.38211, -1.17027
-10.61604, -3.23931
-10.86778, 1.14686
-8.19097, 0.12806
-6.77718, -1.30619
-6.22821, 0.47121
-3.80564, 1.76877
-9.49903, -4.75601
-9.93898, -6.47954
-7.30108, -7.98933
-6.90641, -6.18241
-5.23923, -5.51223
-3.89530, -4.19741
-7.18617, -4.14620
-4.89475, -2.23746
-4.38907, -18.52729
-3.02876, -17.41380
-5.70872, -15.34840
-3.77286, -15.41970
-2.26925, -13.01855
-3.30872, -11.65559
-4.66934, -13.84904
-7.31986, -14.06944
-4.57397, 3.46055
-7.05450, 2.37539
-8.85297, 2.04258
-9.17672, 5.06129
-9.91603, 3.47274
-8.51545, -15.38035
-10.90997, -15.65119
-6.63877, -16.78223
-1.44620, -5.97938
-2.16820, -4.10133
-3.75582, -6.54500
-0.49126, -14.38365
-1.42847, -16.31447
-0.32449, -17.67110
1.40079, -17.38059
3.21065, -18.18383
-4.67174, -8.39216
-4.32579, -10.12905
-2.54208, -7.88381
-1.50971, -10.41371
1.07928, -9.75572
-0.30563, -7.61543
1.15568, -6.52952
0.18030, -3.39092
5.14062, -10.61316
5.11115, -6.99108
7.28292, -7.98930
7.81279, -6.21397
6.17680, -5.55471
3.86898, -5.13854
2.55770, -2.69655
1.56058, -4.65442
2.13665, -15.02508
2.62654, -13.28830
1.77341, -11.53421
0.77460, -13.03688
-0.00427, -11.39886
3.19781, -6.81556
1.92397, -8.16554
2.93804, -9.70796
7.61657, -9.77527
5.15060, -12.41584
3.61303, -11.56673
10.02618, -10.01677
9.59411, -11.75956
12.21824, -10.92358
13.01099, -13.33639
14.17731, -11.97838
4.19054, -14.03450
3.69679, -15.98579
5.58113, -18.61145
6.13457, -16.00811
9.71276, -16.49609
6.46927, -14.18551
9.12812, -14.47316
7.46642, -12.62961
13.81637, -4.51218
13.77698, -7.95759
16.10851, -6.67080
16.64434, -4.94195
17.99161, -7.19344
18.61437, -2.65178
16.46086, -3.00028
11.14047, -1.37394
14.88978, -9.31154
16.73357, -8.52978
11.63738, -9.17576
10.83478, -7.13017
9.06973, -7.65619
12.44865, -2.50495
12.00553, -4.89045
12.61646, -6.63016
16.34101, 5.43992
14.40354, 4.29336
12.59881, 4.48862
10.36827, 8.79679
13.25176, 9.42011
10.65087, 7.06468
12.42808, 6.31071
14.66218, 6.17153
11.53765, 3.13001
13.74178, 1.05472
14.73764, -1.02625
15.39092, 0.61711
16.89901, -1.20327
17.17033, 1.93432
15.94593, 3.27873
18.88275, 4.86050
5.73906, -3.79254
7.70870, -3.33994
9.57176, -5.56907
10.42546, -3.61113
12.64264, -0.33186
10.37877, 1.61431
9.91421, -0.07340
6.00204, -0.29393
13.86846, 7.72296
16.50741, 7.21797
15.68868, 10.88164
13.88576, 11.16348
13.07384, 12.81662
11.72987, 11.39749
4.96762, -2.16519
7.94212, -1.59629
8.59689, 8.50838
6.31123, 7.21727
6.84207, 8.94574
5.92191, 14.38023
5.82196, 11.45952
7.00020, 12.88464
7.80370, 10.50173
10.17081, 10.70348
5.87116, 4.80492
4.71564, 2.65984
6.38894, 2.07404
7.55477, 4.28369
8.21524, 0.54655
8.81231, 2.51858
10.94963, 5.28908
8.30766, 5.89915
1.09486, -1.34489
3.09184, -0.35244
1.36217, 0.54317
4.69252, 0.91501
2.89905, 2.58521
-0.13441, 2.21038
-2.31866, 2.79445
-3.51275, 0.04909
8.85561, 12.05239
10.74716, 13.39302
10.07585, 15.10123
8.28079, 14.68445
7.37194, 17.89212
-1.07993, 0.67969
-2.45976, -2.33862
-0.67847, -1.84666
2.74986, 11.55632
-0.11318, 10.41606
-1.26962, 11.77409
0.61132, 15.81536
-0.38465, 14.29665
0.99074, 12.14700
2.19459, 13.87475
4.51191, 13.28180
-0.58499, 3.90959
-0.22092, 6.04073
2.26146, 5.47423
3.84738, 4.52791
1.80311, 7.72143
3.63099, 7.82682
3.90467, 9.55550
1.47968, 9.54951
-4.97295, 5.58693
-2.19828, 4.71802
-1.94673, 6.52363
-0.77708, 7.94830
-3.49772, 7.37774
-2.24127, 9.07080
-5.80986, 9.09736
-7.30837, 8.01263
4.33703, 15.86418
6.38883, 16.18144
4.78942, 18.05763
2.48714, 16.52455
-0.68574, 18.61466
-8.87821, 6.90339
-6.74739, 6.38063
-7.23813, 4.17723
-4.34095, 17.08150
-6.55403, 17.06382
-4.62740, 15.26018
-12.63444, 11.91556
-12.35339, 10.13820
-9.34474, 8.76927
-9.94682, 11.35110
-7.65305, 11.65175
-7.39727, 15.31027
-5.58192, 13.52179
-5.96946, 11.09140
-4.11077, 11.15581
-3.26229, 12.64399
-2.87276, 15.07192
-1.49621, 16.28534
-2.46770, 18.32825
-12.24172, 5.57685
-10.52660, 6.23665
-11.11465, 8.49060
-13.39667, 7.59793
-14.01406, 9.31447
-14.66228, 11.01984
-16.35329, 9.64038
-16.15650, 7.47207
-9.60210, 13.11870
-7.49130, 13.48019
-9.11933, 14.86476
-9.05393, 17.57864
-12.26850, 14.85177
-17.12032, 5.08630
-15.19510, 5.98099
-13.74934, 4.50386
