14.21222, 7.85323
13.33604, 11.53807
9.51137, 16.06774
7.69015, 17.70638
8.10533, 14.84500
5.44730, 16.60518
3.97532, 15.62976
6.02908, 14.17529
13.22253, 14.27798
12.10922, 10.24336
10.70965, 11.32781
7.61568, 10.01459
8.75433, 8.35409
10.48819, 9.24369
11.30221, 6.38359
12.28299, 8.45741
0.07080, 15.49266
-0.70521, 17.12369
-2.99656, 13.88459
-0.07252, 13.75437
-3.96373, 12.21731
-1.42068, 12.16309
1.25918, 12.36958
3.10837, 14.07357
4.60778, 12.70515
6.06946, 11.69462
7.87871, 11.92631
9.46972, 13.60306
11.84731, 13.01296
3.41718, 17.72974
2.12883, 16.31757
-0.39649, 18.94903
4.28082, 7.68917
6.12659, 7.20127
5.63852, 9.56036
8.78738, 6.49661
6.12553, 5.43932
4.11421, 5.54162
4.91026, 3.86030
4.00077, 1.26698
3.79031, 9.92395
2.95027, 11.49190
-0.01460, 10.82289
0.91516, 9.22405
0.13875, 7.60361
0.03619, 5.72628
2.49706, 7.91181
2.09718, 4.95647
-9.28089, 16.62496
-9.53156, 14.88500
-6.16031, 15.17278
-7.63575, 13.91750
-7.12214, 11.13136
-5.43496, 10.82874
-5.91368, 13.36515
-4.10841, 15.31830
5.71020, 0.53875
6.80591, 3.01463
7.90705, 4.47503
10.18515, 2.46813
9.65702, 4.13880
-4.11257, 17.09253
-2.53011, 18.90993
-6.44329, 16.85825
-2.97335, 5.38550
-1.17225, 4.48863
-1.65266, 7.36288
-9.35525, 10.93663
-9.96872, 12.99335
-11.69918, 13.24772
-12.77493, 11.86796
-14.65196, 11.23744
-2.22529, 9.34353
-3.65378, 10.39038
-3.45201, 7.52996
-5.92232, 8.69774
-7.38660, 6.46353
-4.91957, 5.82116
-5.26334, 4.03331
-2.42380, 2.37824
-10.96021, 4.35189
-8.49144, 1.70132
-10.76703, 0.97006
-9.95829, -0.69682
-8.30672, -0.07763
-6.32406, 1.17468
-3.70750, 0.26015
-4.29506, 2.37729
-11.72610, 9.63415
-10.91393, 8.02270
-9.09989, 7.30581
-9.37868, 9.08848
-7.69781, 8.40701
-6.96219, 2.86455
-6.93506, 4.72045
-8.72475, 5.17255
-12.21960, 2.06141
-12.18544, 5.67422
-10.47818, 6.08696
-14.15931, 0.61155
-15.01817, 2.18837
-16.38810, -0.20081
-18.60265, 1.04252
-18.54508, -0.74666
-12.57116, 7.51623
-13.52540, 9.28845
-16.68855, 9.95125
-15.33781, 7.65796
-18.30559, 5.60035
-14.35324, 6.08808
-16.50788, 4.50386
-14.03726, 4.26728
-13.23488, -6.00748
-15.53353, -3.44064
-16.38317, -5.96452
-15.61023, -7.60117
-18.12462, -6.85140
-15.51547, -10.62058
-14.16318, -8.90875
-9.14184, -6.51342
-17.26868, -3.19420
-18.09992, -5.01623
-14.77903, -1.09702
-12.80531, -2.06296
-11.85935, -0.48269
-10.87043, -6.56334
-12.15535, -4.50520
-13.78110, -3.63529
-8.37270, -15.05056
-7.71885, -12.89629
-6.25635, -11.82099
-1.70127, -13.49037
-3.40609, -15.89799
-3.07981, -12.40425
-4.89949, -13.04903
-6.64067, -14.45576
-6.39184, -10.10241
-9.41894, -10.06144
-11.55905, -9.19998
-10.93047, -10.85294
-13.27218, -10.52966
-11.35249, -13.02624
-9.54149, -13.19025
-10.63811, -16.34054
-6.79348, -1.08110
-7.93988, -2.74546
-10.81945, -2.36064
-10.12610, -4.38093
-9.54533, -8.29657
-6.56142, -8.20199
-7.35911, -6.64383
-4.62375, -3.83822
-5.00735, -15.06336
-7.29415, -16.47389
-4.21538, -18.62190
-2.69572, -17.61167
-0.98026, -18.28196
-0.94813, -16.32770
-5.12529, -1.75973
-6.93398, -4.18871
-0.59012, -12.08101
0.22279, -9.58493
0.99915, -11.21792
5.34905, -14.60300
3.44954, -12.38211
3.54364, -14.22882
1.34137, -13.01480
-0.26754, -14.76274
-1.08251, -7.50906
-1.67977, -5.14688
-3.30922, -5.84545
-2.67594, -8.26219
-5.68766, -5.95309
-4.79559, -7.81040
-4.49966, -11.29698
-2.13964, -9.96189
-1.71581, 0.25188
-2.51765, -1.82897
-0.63734, -1.32074
-2.84152, -3.84484
-0.39086, -3.86458
1.59241, -1.53886
3.59740, -0.49382
2.62304, 2.33699
1.61344, -14.86872
1.12455, -17.13504
2.77355, -17.94094
3.81543, -16.42093
6.65258, -18.17186
1.25540, 0.22847
0.23358, 3.38600
-0.74737, 1.81987
5.77993, -10.37799
7.12043, -7.60306
8.89052, -7.82303
10.23399, -12.07331
9.94228, -10.28073
7.47595, -9.62504
7.75562, -11.71218
5.64652, -12.84057
3.07258, -2.48724
4.24393, -4.30444
2.03101, -5.56385
0.22243, -5.93758
3.88714, -6.91100
2.61067, -8.22360
3.57678, -9.68301
5.36062, -8.04029
7.44092, -0.75944
4.80819, -1.99335
5.84258, -3.49454
5.94272, -5.33511
7.56311, -3.07642
7.78058, -5.17351
10.42957, -2.78219
10.80155, -0.97007
7.52009, -14.62636
6.22169, -16.24644
8.66842, -16.54916
9.33011, -13.86346
13.08147, -13.26089
11.20957, 0.90832
9.28539, -0.14582
8.15860, 1.81023
14.74057, -9.66110
16.36029, -8.15293
13.72131, -8.12475
17.36512, -0.24937
15.95715, 0.87116
12.81410, -0.15217
15.00225, -1.64894
13.51423, -3.42024
15.79731, -6.29039
13.25062, -6.19822
11.89439, -4.14453
10.56753, -5.44773
10.94737, -7.11815
12.30047, -9.17138
12.10534, -10.99598
14.20177, -11.84585
12.79321, 4.15870
11.97445, 2.51353
13.93075, 1.24902
15.01015, 3.44888
16.62501, 2.60041
18.25507, 1.78102
18.56986, 3.94049
16.95988, 5.40619
15.94228, -3.18504
14.63025, -4.87759
16.76597, -4.79852
18.55121, -6.84359
19.07900, -2.66140
16.05868, 7.81631
15.24370, 5.85601
13.17984, 5.96833
