5.95735, -15.10531
9.72435, -14.71102
14.70889, -11.50160
16.56845, -9.90660
13.67743, -9.94979
15.76529, -7.54060
14.98758, -5.95525
13.28071, -7.80458
12.45606, -14.95135
8.59843, -13.32767
9.85410, -12.07942
8.95032, -8.84209
7.15699, -9.75738
7.81587, -11.59138
4.87475, -12.03025
6.80497, -13.26997
15.35451, -2.06560
17.07190, -1.50612
14.15489, 1.18333
13.64915, -1.69958
12.62607, 2.35718
12.24476, -0.15770
12.10437, -2.84183
13.55601, -4.89510
12.00587, -6.20577
10.81550, -7.52512
10.81224, -9.34915
12.27010, -11.14286
11.37870, -13.42465
17.14196, -5.67223
15.90748, -4.21273
18.84227, -2.04737
7.07378, -5.23550
6.35222, -7.00305
8.75452, -6.82289
5.31073, -9.55092
4.60508, -6.77507
4.96557, -4.79368
3.19573, -5.36656
0.74114, -4.13063
9.35312, -5.03690
11.01620, -4.40581
10.73463, -1.37947
9.02936, -2.09556
7.52241, -1.11691
5.67393, -0.77341
7.52430, -3.49527
4.64508, -2.71808
17.68183, 7.06237
15.98865, 7.53505
15.83983, 4.15482
14.78504, 5.77964
11.95595, 5.62915
11.43855, 3.99500
14.01549, 4.14305
15.71986, 2.10126
-0.20119, -5.73203
2.11295, -7.13750
3.41937, -8.41755
1.13577, -10.41820
2.86055, -10.10964
17.47985, 1.87687
19.07830, 0.07352
17.54771, 4.21836
5.72360, 2.25496
4.60223, 0.58437
7.51441, 0.69059
12.05046, 7.86874
14.16906, 8.21220
14.64419, 9.89549
13.41447, 11.13999
13.03095, 13.08259
9.55232, 1.00335
10.77443, 2.28511
7.91185, 2.45343
9.38806, 4.75276
7.36105, 6.49260
6.40630, 4.12886
4.67761, 4.70003
2.67061, 2.09731
5.72728, 10.30842
2.78081, 8.20159
2.34873, 10.55241
0.59156, 9.96509
0.99289, 8.24753
1.97941, 6.12009
0.73549, 3.64311
2.91067, 3.95311
11.06418, 10.38760
9.36154, 9.78975
8.41699, 8.08314
10.22072, 8.13001
9.32843, 6.55091
3.73739, 6.53527
5.57434, 6.26932
6.25317, 7.98588
3.61807, 11.85233
7.19640, 11.35314
7.38580, 9.60693
2.43012, 13.96261
4.10442, 14.61123
1.91157, 16.27747
3.42978, 18.31344
1.64808, 18.48679
9.07274, 11.49840
10.95310, 12.21644
12.01777, 15.26788
9.56962, 14.22375
7.91138, 17.43183
7.88601, 13.44958
6.59249, 15.79031
6.03968, 13.37074
-4.25285, 13.89839
-1.41133, 15.84729
-3.80476, 17.01492
-5.52733, 16.45921
-4.45996, 18.85609
-8.53380, 16.75413
-7.01040, 15.19263
-5.28174, 9.90460
-0.94347, 17.53625
-2.64326, 18.59524
0.81559, 14.79723
-0.39651, 12.96436
1.04876, 11.82275
-5.10861, 11.62523
-2.90212, 12.63436
-1.83007, 14.13453
-13.84684, 10.24141
-11.79472, 9.31555
-10.91675, 7.72674
-13.15890, 3.42460
-15.32689, 5.42531
-11.90427, 4.65178
-12.30932, 6.53934
-13.48007, 8.44720
-9.19503, 7.63975
-8.76452, 10.63636
-7.63460, 12.64769
-9.35475, 12.23724
-8.73256, 14.51781
-11.45559, 12.93566
-11.85149, 11.16087
-14.83430, 12.65410
-0.19713, 6.87614
-1.69997, 8.22735
-0.94748, 11.03338
-3.04025, 10.60600
-6.99808, 10.53439
-7.28859, 7.56315
-5.64067, 8.15352
-3.21073, 5.07958
-14.29298, 6.90574
-15.39723, 9.35517
-17.92388, 6.57869
-17.11779, 4.94157
-18.00344, 3.32673
-16.06959, 3.04317
-1.08496, 5.30925
-3.26076, 7.41572
-11.90439, 2.14119
-9.53379, 1.01356
-11.25318, 0.45399
-15.17031, -3.42369
-12.72326, -1.82605
-14.56672, -1.68152
-13.07916, 0.34605
-14.60532, 2.16669
-7.30709, 2.04063
-4.88767, 2.32868
-5.37055, 4.03453
-7.84873, 3.71779
-5.17096, 6.40703
-7.12770, 5.76160
-10.62336, 5.91718
-9.60334, 3.40487
0.47077, 1.66907
-1.48948, 2.73225
-1.22765, 0.80214
-3.44684, 3.31305
-3.78206, 0.88535
-1.73114, -1.38095
-0.95304, -3.50384
1.97969, -2.90218
-14.95268, 0.31503
-17.13717, 1.09173
-18.14874, -0.43973
-16.77557, -1.66871
-18.87734, -4.25671
0.06488, -1.27437
3.32772, -0.66773
1.90097, 0.50676
-11.03598, -4.39515
-8.45681, -6.08189
-8.90293, -7.80890
-13.29084, -8.59376
-11.47562, -8.53536
-10.50775, -6.17402
-12.61353, -6.18255
-13.46087, -3.94569
-2.86226, -2.72665
-4.81519, -3.65419
-5.77909, -1.29749
-5.91678, 0.54416
-7.35408, -2.96466
-8.49135, -1.52977
-10.06303, -2.29986
-8.66375, -4.28042
-1.71147, -7.28113
-2.59602, -4.51141
-4.21793, -5.34384
-6.05607, -5.20608
-4.02489, -7.10389
-6.13253, -7.04945
-4.10230, -9.98437
-2.35318, -10.58665
-15.47309, -5.57364
-16.91245, -4.07740
-17.52778, -6.46477
-14.94967, -7.46685
-14.83528, -11.26457
-0.54299, -11.23320
-1.34053, -9.18927
0.74436, -8.32380
-11.47916, -13.37350
-10.19216, -15.17397
-9.82433, -12.56059
-2.48384, -17.18837
-1.19130, -15.93645
-1.80130, -12.68777
-3.56743, -14.66493
-5.13233, -12.96116
-8.27262, -14.85556
-7.85322, -12.34195
-5.64195, -11.26153
-6.76341, -9.77787
-8.46884, -9.93940
-10.67924, -11.01678
-12.46351, -10.58828
-13.57632, -12.55779
2.47635, -13.22228
0.95034, -12.19845
-0.55560, -13.97559
1.48691, -15.32933
0.43752, -16.82147
-0.58499, -18.33241
1.51595, -18.92271
3.17680, -17.51492
-5.21181, -15.39928
-6.72127, -13.88019
-6.91794, -16.00830
-9.17590, -17.51528
-5.09652, -18.57732
5.68292, -16.93164
3.84391, -15.87097
4.22111, -13.83876
