12.19431, 10.72190
10.54731, 14.13263
5.83918, 17.73534
3.70857, 18.94468
4.72850, 16.23921
1.75450, 17.38755
0.52632, 16.11879
2.84450, 15.13927
9.84810, 16.78426
9.62713, 12.60469
8.02734, 13.36329
5.28754, 11.41633
6.75619, 10.03907
8.25858, 11.28024
9.66777, 8.66166
10.18035, 10.89771
-3.25767, 15.14646
-4.36582, 16.57280
-5.90817, 12.91723
-3.02438, 13.41794
-6.49476, 11.08116
-3.99938, 11.57428
-1.42638, 12.35141
0.01377, 14.41275
1.77204, 13.39822
3.41663, 12.72514
5.13392, 13.33994
6.32775, 15.31922
8.77660, 15.25343
-0.46974, 18.04994
-1.42479, 16.39405
-4.45626, 18.42185
2.52983, 8.42905
4.43730, 8.34888
3.45404, 10.54813
7.18733, 8.23202
4.81462, 6.62780
2.82826, 6.29581
3.96677, 4.82466
3.63538, 2.09653
1.57087, 10.50636
0.41373, 11.85735
-2.33831, 10.56728
-1.08691, 9.20539
-1.49725, 7.45603
-1.19429, 5.60047
0.73987, 8.26345
0.98393, 5.29119
-12.63436, 14.24420
-12.50554, 12.49100
-9.27474, 13.49600
-10.44621, 11.95317
-9.34630, 9.34232
-7.63349, 9.40905
-8.64569, 11.78349
-7.30195, 14.07874
5.46130, 1.75236
5.99980, 4.40578
6.76164, 6.06856
9.41756, 4.59766
8.54299, 6.11595
-7.68700, 15.81069
-6.53172, 17.92550
-9.91305, 15.08138
-4.06045, 4.62138
-2.10877, 4.13220
-3.19518, 6.83623
-11.48550, 8.67260
-12.52630, 10.54961
-14.27102, 10.42646
-15.02539, 8.84788
-16.72323, 7.82900
-4.17977, 8.64772
-5.79973, 9.36340
-4.98843, 6.61304
-7.65188, 7.22311
-8.60223, 4.72658
-6.05482, 4.62896
-6.00665, 2.80899
-2.87795, 1.80229
-11.63904, 1.89683
-8.65868, -0.16177
-10.72416, -1.36463
-9.57635, -2.81897
-8.09627, -1.85956
-6.42878, -0.21072
-3.67688, -0.54205
-4.70536, 1.39953
-13.52135, 6.89140
-12.38209, 5.49194
-10.45643, 5.18132
-11.11152, 6.86254
-9.32352, 6.55790
-7.41490, 1.30269
-7.78693, 3.12113
-9.63195, 3.17837
-12.37720, -0.61066
-13.11964, 2.92521
-11.54083, 3.69493
-13.96032, -2.44322
-15.13775, -1.08761
-15.96268, -3.71523
-18.39256, -2.97644
-17.95214, -4.71153
-13.89191, 4.64142
-15.20445, 6.16739
-18.43613, 6.13548
-16.62444, 4.18575
-19.08116, 1.53885
-15.32574, 2.86391
-17.08993, 0.85397
-14.62614, 1.15344
-11.63612, -8.70934
-14.43234, -6.69597
-14.72019, -9.34343
-13.61384, -10.77592
-16.23058, -10.58356
-12.87291, -13.70455
-11.91976, -11.74227
-7.52992, -8.32455
-16.17994, -6.82789
-16.60053, -8.78590
-14.19870, -4.24501
-12.06360, -4.76459
-11.47905, -3.01805
-9.20747, -8.74450
-10.90437, -7.01028
-12.67900, -6.50978
-4.94550, -16.49737
-4.76950, -14.25296
-3.57202, -12.88870
1.23528, -13.54099
0.08723, -16.25853
-0.34434, -12.77623
-1.98311, -13.79672
-3.38160, -15.54452
-4.07339, -11.23930
-7.03868, -11.84931
-9.31384, -11.46750
-8.34497, -12.94692
-10.70148, -13.13403
-8.29047, -15.16014
-6.48650, -14.93145
-6.88106, -18.24373
-6.40285, -2.51468
-7.16512, -4.38638
-10.06014, -4.62889
-8.94914, -6.45317
-7.54109, -10.15275
-4.64710, -9.41962
-5.76078, -8.06911
-3.69168, -4.74156
-1.65590, -15.78722
-3.58647, -17.65591
-0.11827, -19.09269
1.14901, -17.77969
2.96839, -18.06599
2.58012, -16.15040
-4.62785, -2.81926
-5.87276, -5.57997
2.01787, -11.92591
2.27582, -9.31349
3.38473, -10.74168
8.36005, -13.11372
6.02794, -11.35252
6.51641, -13.13595
4.10482, -12.42315
2.90878, -14.47581
0.55520, -7.56634
-0.53537, -5.38752
-1.97680, -6.41969
-0.83933, -8.64407
-4.27664, -7.03556
-3.00655, -8.65799
-1.96883, -11.99969
0.04944, -10.18896
-1.72987, -0.12244
-2.06618, -2.32693
-0.33886, -1.42679
-1.94961, -4.36532
0.44812, -3.85836
1.88571, -1.16101
3.61952, 0.29019
2.06001, 2.84573
4.76864, -14.17540
4.77782, -16.49384
6.56140, -16.92684
7.25258, -15.21856
10.39953, -16.31941
1.17705, 0.49272
-0.49897, 3.35717
-1.12073, 1.61693
7.87362, -8.89474
8.58697, -5.89669
10.36301, -5.73142
12.58782, -9.59407
11.91798, -7.90595
9.36839, -7.79516
10.08972, -9.77356
8.27213, -11.32852
3.53501, -1.76942
5.06925, -3.29271
3.17838, -4.99793
1.49225, -5.75131
5.28049, -5.91508
4.31567, -7.47115
5.57262, -8.68906
6.96210, -6.70161
7.43042, 0.85611
5.12407, -0.91436
6.45669, -2.15841
6.94972, -3.93454
8.04730, -1.38058
8.71001, -3.38206
10.78371, -0.47769
10.75788, 1.37204
10.48546, -12.67033
9.56523, -14.53143
12.01990, -14.30169
12.08943, -11.53655
15.62389, -10.14249
10.75303, 3.29422
9.10009, 1.85148
7.57956, 3.51994
16.47129, -6.27041
17.72936, -4.44961
15.14589, -4.98877
17.01358, 3.48535
15.39783, 4.27741
12.54785, 2.60302
15.00637, 1.61104
13.93342, -0.43847
16.77957, -2.75141
14.27249, -3.20825
12.50690, -1.49370
11.49084, -3.05142
12.22051, -4.60131
13.98294, -6.31609
14.18418, -8.14003
16.41420, -8.51990
11.60175, 6.80884
11.15537, 5.02623
13.33757, 4.21131
13.91940, 6.59163
15.67879, 6.10973
17.44677, 5.65948
17.29051, 7.83617
15.40335, 8.92196
16.25432, 0.31263
15.33635, -1.62217
17.40527, -1.08634
19.58801, -2.70034
19.20543, 1.49762
14.00563, 11.08234
13.63061, 8.99276
11.59078, 8.65928
