16.06851, -2.33736
17.59846, 1.12746
17.29063, 7.04787
16.83070, 9.45420
15.43141, 6.92402
14.37841, 9.93309
12.61619, 10.04610
13.37271, 7.64587
19.16460, 3.37851
15.83849, 0.83792
15.37934, 2.54789
12.12093, 3.37249
12.02396, 1.36143
13.94288, 1.02172
12.86206, -1.74859
14.89711, -0.68971
9.42325, 12.29756
9.79125, 14.06590
6.00776, 12.87121
8.25811, 10.99961
4.22935, 12.12792
6.22218, 10.54720
8.48161, 9.09144
10.98478, 9.33070
11.35175, 7.33418
11.90506, 5.64552
13.48627, 4.73620
15.76731, 5.10986
17.30436, 3.20234
13.44127, 12.05625
11.56126, 11.71034
11.14075, 15.33318
8.05867, 3.53647
9.23390, 2.03190
10.27144, 4.20607
10.92725, -0.13810
8.16778, 0.62909
6.62755, 1.92661
6.24511, 0.10611
3.95275, -1.40968
9.01910, 5.61310
9.29797, 7.36991
6.53188, 8.62958
6.30581, 6.79393
4.70766, 5.97261
3.49093, 4.53927
6.77246, 4.79227
4.66714, 2.68003
2.65893, 18.85350
1.40729, 17.61912
4.26658, 15.81010
2.33240, 15.70228
1.05701, 13.17250
2.21794, 11.91139
3.37014, 14.22114
5.98896, 14.68543
4.87407, -3.02325
7.24376, -1.71360
9.00380, -1.21610
9.60500, -4.19199
10.19442, -2.54194
7.05835, 16.10117
9.41762, 16.59203
5.06021, 17.32371
0.88770, 6.08740
1.78009, 4.28407
3.13520, 6.86395
-0.83946, 14.36753
-0.08462, 16.37667
-1.30919, 17.62552
-3.00026, 17.17689
-4.87658, 17.80951
3.87658, 8.78781
3.37167, 10.48532
1.80298, 8.08492
0.54134, 10.50864
-1.97580, 9.61432
-0.39912, 7.61110
-1.75387, 6.39486
-0.49275, 3.35977
-6.09898, 10.09295
-5.73506, 6.48907
-7.98976, 7.28242
-8.35337, 5.46573
-6.66348, 4.96040
-4.32709, 4.75919
-2.79585, 2.44877
-1.98384, 4.49037
-3.51539, 14.76348
-3.84276, 12.98887
-2.83125, 11.32108
-1.97551, 12.90959
-1.04866, 11.35052
-3.81369, 6.49103
-2.67000, 7.95291
-3.82221, 9.39506
-8.48695, 9.02993
-6.27544, 11.88700
-4.66601, 11.18354
-10.90857, 9.04782
-10.63933, 10.82307
-13.17503, 9.74828
-14.18726, 12.07754
-15.22315, 10.61760
-5.46900, 13.58742
-5.15760, 15.57598
-7.27642, 18.01635
-7.58703, 15.37302
-11.19499, 15.52839
-7.75194, 13.52729
-10.42599, 13.56811
-8.60110, 11.88594
-14.17409, 3.21666
-14.45313, 6.65098
-16.65583, 5.15433
-17.02967, 3.38337
-18.57915, 5.50079
-18.77973, 0.92103
-16.66762, 1.46696
-11.21976, 0.33902
-15.68623, 7.89635
-17.44993, 6.94762
-12.43520, 8.06158
-11.44708, 6.09887
-9.73816, 6.78568
-12.62682, 1.34436
-12.40594, 3.76059
-13.17496, 5.43642
-15.76866, -6.92609
-13.94538, -5.60547
-12.13033, -5.63319
-9.51138, -9.71690
-12.32496, -10.60390
-9.95276, -8.01831
-11.79203, -7.43172
-14.02943, -7.49950
-11.19920, -4.18237
-13.58561, -2.31955
-14.76943, -0.33947
-15.26812, -2.03614
-16.93791, -0.36284
-16.91825, -3.51208
-15.57490, -4.73765
-18.35305, -6.58393
-6.06484, 3.24620
-7.98425, 2.61361
-10.04526, 4.66111
-10.71445, 2.63268
-12.61924, -0.83737
-10.18528, -2.56610
-9.87861, -0.84270
-6.00353, -0.26174
-13.09580, -8.97098
-15.77011, -8.71191
-14.61646, -12.28429
-12.79522, -12.39839
-11.83407, -13.96947
-10.62692, -12.43226
-5.14638, 1.69707
-8.05561, 0.85585
-7.77422, -9.26610
-5.61758, -7.76938
-5.98649, -9.53950
-4.56828, -14.86576
-4.73855, -11.94830
-5.78011, -13.47617
-6.80029, -11.17767
-9.13864, -11.59721
-5.40222, -5.32670
-4.44979, -3.08406
-6.17005, -2.65532
-7.12678, -4.96321
-8.12963, -1.30306
-8.54200, -3.32181
-10.41426, -6.27790
-7.72724, -6.64132
-1.21440, 1.23800
-3.11118, 0.06534
-1.30618, -0.66667
-4.58794, -1.34455
-2.64786, -2.84194
0.33801, -2.18852
2.56688, -2.56833
3.50227, 0.27560
-7.70446, -12.81886
-9.46409, -14.32848
-8.63786, -15.96738
-6.88898, -15.38657
-5.68771, -18.49658
1.13809, -0.57703
2.23322, 2.55583
0.50499, 1.90144
-1.67064, -11.76092
1.07484, -10.36107
2.35177, -11.60648
0.85216, -15.80421
1.70360, -14.20000
0.13552, -12.18658
-0.90359, -14.01815
-3.26577, -13.64178
0.94362, -3.83884
0.77796, -5.99450
-1.74614, -5.65972
-3.41268, -4.86394
-1.08216, -7.85498
-2.89250, -8.12875
-3.00533, -9.87532
-0.59126, -9.64536
5.46776, -5.10369
2.62469, -4.49479
2.54100, -6.31592
1.50795, -7.84254
4.16425, -7.02311
3.06956, -8.82499
6.62535, -8.52181
8.01726, -7.30330
-2.85311, -16.19697
-4.86682, -16.70240
-3.10095, -18.42283
-0.95012, -16.68364
2.40226, -18.47174
9.47793, -6.05379
7.30792, -5.73009
7.59304, -3.49078
5.90022, -16.60749
8.10221, -16.38547
6.01721, -14.76750
13.68107, -10.69756
13.23705, -8.95377
10.11481, -7.86860
10.95280, -10.38378
8.69661, -10.89501
8.77987, -14.56153
6.80707, -12.94838
6.96846, -10.49258
5.12366, -10.72840
4.41628, -12.28859
4.25268, -14.74213
2.99410, -16.07751
4.15014, -18.02195
12.70452, -4.42224
11.05768, -5.23764
11.85142, -7.42763
14.04122, -6.32798
14.81453, -7.98017
15.61751, -9.61836
17.17386, -8.08860
16.77763, -5.94774
10.77283, -12.17567
8.70445, -12.73058
10.45341, -13.95885
10.63897, -16.66717
13.58791, -13.65503
17.51695, -3.48314
15.68260, -4.55184
14.10658, -3.21457
