9.48077, -13.18239
13.03594, -11.87607
17.08089, -7.54197
18.49237, -5.53955
15.70028, -6.29061
17.13336, -3.44286
15.99050, -2.09673
14.78944, -4.30826
15.74315, -11.43895
11.60509, -10.81119
12.51619, -9.29306
10.84587, -6.37634
9.33187, -7.70359
10.42051, -9.31992
7.67691, -10.46686
9.85227, -11.19520
15.39206, 1.76409
16.91973, 2.72776
13.43212, 4.61947
13.64902, 1.70058
11.66205, 5.38243
11.90931, 2.85084
12.43165, 0.21429
14.34262, -1.42014
13.16136, -3.07102
12.33100, -4.64207
12.77529, -6.41117
14.62862, -7.79245
14.32419, -10.22318
18.00963, -1.29387
16.45484, -0.18179
18.76879, 2.63734
8.14195, -3.34028
7.87603, -5.23083
10.16073, -4.46687
7.49137, -7.95634
6.12635, -5.43840
5.98977, -3.42912
4.41454, -4.41865
1.73177, -3.82261
10.30292, -2.58861
11.76038, -1.56883
10.74503, 1.29597
9.26752, 0.18344
7.56655, 0.76252
5.69028, 0.64208
8.15182, -1.54271
5.16992, -1.49556
15.40912, 11.18407
13.65172, 11.22695
14.33664, 7.91350
12.91550, 9.22993
10.20977, 8.39004
10.10905, 6.67889
12.57093, 7.45456
14.72409, 5.89326
1.21107, -5.60624
3.79927, -6.40109
5.37978, -7.32156
3.65673, -9.82127
5.25312, -9.09903
16.48535, 6.10746
18.47734, 4.75133
15.97675, 8.39405
4.99556, 3.59010
4.31826, 1.69548
7.11540, 2.51283
9.75200, 10.58438
11.72161, 11.43706
11.76930, 13.18546
10.27187, 14.09028
9.42354, 15.87944
9.01432, 3.31595
9.88467, 4.85834
7.06826, 4.31930
7.93533, 6.91051
5.54346, 8.09994
5.19772, 5.57422
3.38173, 5.70387
2.07453, 2.68834
3.02355, 11.39839
0.68394, 8.63315
-0.31162, 10.80614
-1.87102, 9.80573
-1.06063, 8.23909
0.41763, 6.41866
-0.18066, 3.71222
1.85201, 4.54633
8.17796, 12.78433
6.67401, 11.78708
6.17696, 9.90091
7.91408, 10.38882
7.43642, 8.63908
2.02004, 7.25239
3.86611, 7.44519
4.10311, 9.27583
0.60006, 12.37772
4.19150, 12.77158
4.80348, 11.12519
-1.06927, 14.13211
0.39476, 15.17163
-2.13982, 16.24904
-1.16744, 18.59523
-2.93722, 18.32622
5.97488, 13.37268
7.62165, 14.53005
7.90525, 17.74942
5.78803, 16.13665
3.39350, 18.83993
4.34577, 14.97313
2.51758, 16.92503
2.57520, 14.44378
-7.53228, 12.43047
-5.25567, 15.01687
-7.86240, 15.56170
-9.39601, 14.60041
-8.94923, 17.18589
-12.38297, 14.14881
-10.52306, 13.00872
-7.55003, 8.30632
-5.21641, 16.76900
-7.12404, 17.37866
-2.83920, 14.54518
-3.56465, 12.47097
-1.88349, 11.71878
-7.80428, 10.01684
-5.91275, 11.53641
-5.24146, 13.25373
-15.93604, 6.53176
-13.71951, 6.13758
-12.47861, 4.81269
-13.59691, 0.09199
-16.18945, 1.49974
-12.68166, 1.58944
-13.53736, 3.31997
-15.14035, 4.88234
-10.78816, 5.15071
-11.10590, 8.16137
-10.50390, 10.38842
-12.07080, 9.56854
-12.02707, 11.93206
-14.27878, 9.73027
-14.22722, 7.91260
-17.48519, 8.62849
-1.87787, 6.61768
-3.66626, 7.55896
-3.62510, 10.46383
-5.54909, 9.53614
-9.36842, 8.49584
-8.92119, 5.54412
-7.46844, 6.52069
-4.35869, 4.13676
-15.55029, 3.18856
-17.22166, 5.29227
-18.99002, 1.98082
-17.80696, 0.59147
-18.26943, -1.19129
-16.32510, -0.99180
-2.35421, 4.88088
-4.98025, 6.38924
-12.06590, -0.84447
-9.49113, -1.35612
-11.02071, -2.32037
-13.86693, -7.04047
-11.88657, -4.89136
-13.70915, -5.20347
-12.76442, -2.87294
-14.69057, -1.48231
-7.58441, 0.18580
-5.30957, 1.05855
-6.19615, 2.59382
-8.52091, 1.67884
-6.58466, 4.94278
-8.32328, 3.83708
-11.75029, 3.13040
-10.14515, 0.94506
0.04695, 1.73356
-2.11421, 2.28338
-1.38691, 0.47647
-4.15424, 2.36629
-3.88368, -0.06947
-1.33949, -1.76342
-0.06440, -3.63057
2.63113, -2.32788
-14.57309, -3.36260
-16.88136, -3.14550
-17.48634, -4.87832
-15.85365, -5.73289
-17.25634, -8.75740
0.37551, -1.21952
3.38984, 0.16898
1.71857, 0.95759
-9.62062, -6.96807
-6.70649, -7.97058
-6.71532, -9.75426
-10.77663, -11.59152
-9.03120, -11.08962
-8.67215, -8.56300
-10.71150, -9.08784
-12.08167, -7.12718
-2.10594, -3.34547
-3.77166, -4.72374
-5.28423, -2.67550
-5.86948, -0.92390
-6.40213, -4.67808
-7.85663, -3.56602
-9.19139, -4.69812
-7.34901, -6.27491
0.12694, -7.47850
-1.41002, -5.01039
-2.77817, -6.21525
-4.59394, -6.53261
-2.15927, -7.87417
-4.21587, -8.33841
-1.52772, -10.68563
0.31570, -10.84043
-13.63306, -9.19901
-15.39548, -8.10156
-15.40637, -10.56693
-12.66122, -10.90597
-11.61871, -14.55959
2.22919, -11.02317
0.95463, -9.23734
2.76351, -7.88687
-7.84780, -15.78079
-6.15845, -17.21054
-6.44294, -14.58679
1.80849, -17.27249
2.75443, -15.74175
1.36614, -12.74197
0.13899, -15.09196
-1.79604, -13.82413
-4.37568, -16.43099
-4.58569, -13.89130
-2.70703, -12.30145
-4.15817, -11.13823
-5.77187, -11.71318
-7.65044, -13.29987
-9.48531, -13.32215
-10.08098, -15.50446
5.64421, -12.21081
3.91367, -11.59260
2.88969, -13.68486
5.20188, -14.49620
4.55058, -16.20017
3.92996, -17.91577
6.11151, -17.97266
7.37627, -16.20047
-1.27501, -16.20725
-3.11099, -15.10486
-2.77961, -17.21619
-4.59891, -19.23102
-0.38365, -19.25991
9.66274, -15.02023
7.61973, -14.44310
7.48689, -12.38045
