7.92754, -14.17090
11.60774, -13.27544
16.11732, -9.42711
17.74640, -7.59733
14.88724, -8.02749
16.63348, -5.36028
15.65036, -3.89342
14.20667, -5.95478
14.34702, -13.14759
10.30663, -12.05542
11.38373, -10.65019
10.05433, -7.56314
8.39981, -8.71046
9.29848, -10.43965
6.44268, -11.26863
8.52160, -12.23854
15.49282, 0.01032
17.11976, 0.79486
13.86871, 3.06922
13.75380, 0.14454
12.19639, 4.02765
12.15548, 1.48435
12.37600, -1.19439
14.08965, -3.03464
12.72910, -4.54119
11.72624, -6.00814
11.96740, -7.81616
13.65246, -9.39836
13.07481, -11.77901
17.74739, -3.32430
16.32849, -2.04336
18.94669, 0.49570
7.71148, -4.24051
7.23325, -6.08880
9.58975, -5.58839
6.54253, -8.75324
5.47132, -6.09697
5.56308, -4.08514
3.88596, -4.88998
1.28791, -3.99408
9.94366, -3.73829
11.50719, -2.89006
10.82266, 0.07126
9.22872, -0.86685
7.60423, -0.09894
5.72639, -0.00621
7.92477, -2.45560
4.96738, -2.07120
16.57614, 9.36781
14.83489, 9.60937
15.14032, 6.23967
13.87733, 7.70852
11.09392, 7.18033
10.80014, 5.49158
13.33400, 5.98357
15.29658, 4.18856
0.56864, -5.70730
3.05023, -6.79003
4.51637, -7.88351
2.52142, -10.17209
4.18931, -9.63521
17.07077, 4.20201
18.89643, 2.62909
16.82428, 6.53147
5.36986, 3.00151
4.48243, 1.19574
7.35412, 1.69119
10.88750, 9.41239
12.94097, 10.03661
13.18628, 11.76838
11.80091, 12.83689
11.16057, 14.71059
9.33175, 2.27419
10.37111, 3.70813
7.51178, 3.49139
8.66661, 5.96778
6.42476, 7.42034
5.79532, 4.94999
4.00569, 5.28438
2.36552, 2.43622
4.29445, 10.98284
1.65684, 8.50023
0.91367, 10.77196
-0.74896, 9.95450
-0.12112, 8.30620
1.14156, 6.33012
0.24074, 3.70881
2.35477, 4.30745
9.57262, 11.77638
7.96544, 10.95579
7.25807, 9.13802
9.03925, 9.42614
8.36659, 7.74172
2.82805, 6.97710
4.68408, 6.95968
5.12679, 8.75172
1.99740, 12.23023
5.61034, 12.21499
6.03201, 10.50990
0.53741, 14.16231
2.10970, 15.02942
-0.28662, 16.38682
0.94511, 18.60785
-0.84375, 18.54092
7.45030, 12.61035
9.21750, 13.57385
9.86373, 16.74043
7.57755, 15.37769
5.50442, 18.33467
6.01284, 14.38492
4.41736, 16.53123
4.19373, 14.05941
-6.07669, 13.20324
-3.52193, 15.51530
-6.05022, 16.35171
-7.68280, 15.57021
-6.94620, 18.08850
-10.70168, 15.45965
-8.98279, 14.11634
-6.56119, 9.10761
-3.28458, 17.25172
-5.11093, 18.07341
-1.17439, 14.77308
-2.12998, 12.79434
-0.54478, 11.85666
-6.62017, 10.83592
-4.56878, 12.13159
-3.70740, 13.76188
-15.09419, 8.29378
-12.93653, 7.65122
-11.85359, 6.19437
-13.49909, 1.63061
-15.91560, 3.32280
-12.42021, 3.01482
-13.07451, 4.83110
-14.49033, 6.56489
-10.13574, 6.33886
-10.11062, 9.36613
-9.26037, 11.51072
-10.91002, 10.87349
-10.59901, 13.21686
-13.08550, 11.28413
-13.24003, 9.47230
-16.39602, 10.55241
-1.11665, 6.78772
-2.78699, 7.92540
-2.41726, 10.80694
-4.43389, 10.10302
-8.34644, 9.50176
-8.23623, 6.51839
-6.68227, 7.32422
-3.86237, 4.60359
-15.08937, 4.92841
-16.51186, 7.20780
-18.64372, 4.11782
-17.62554, 2.60347
-18.28685, 0.88453
-16.33244, 0.86263
-1.78654, 5.11601
-4.22496, 6.91195
-12.08394, 0.52686
-9.58363, -0.27297
-11.21254, -1.05787
-14.57479, -5.42544
-12.36387, -3.51432
-14.21007, -3.61810
-13.00760, -1.40950
-14.76394, 0.19024
-7.51462, 1.04318
-5.15561, 1.65280
-5.86269, 3.27857
-8.27609, 2.63264
-5.98279, 5.65642
-7.83541, 4.75463
-11.32039, 4.44045
-9.97295, 2.08745
0.24289, 1.71710
-1.84213, 2.50804
-1.32406, 0.63041
-3.85966, 2.82135
-3.86658, 0.37062
-1.53050, -1.60045
-0.47498, -3.59994
2.35069, -2.61076
-14.86007, -1.69127
-17.12892, -1.21426
-17.92617, -2.86745
-16.40073, -3.90136
-18.13678, -6.74763
0.23504, -1.25419
3.38718, -0.21584
1.81593, 0.75689
-10.34759, -5.83419
-7.56567, -7.16014
-7.77637, -8.93136
-12.01956, -10.29706
-10.22853, -9.99597
-9.58577, -7.52624
-11.67142, -7.81684
-12.81083, -5.71368
-2.47112, -3.08556
-4.28216, -4.26641
-5.55314, -2.06011
-5.93633, -0.25352
-6.89055, -3.92327
-8.20981, -2.65370
-9.66415, -3.62743
-8.01211, -5.40265
-0.72046, -7.44479
-1.96815, -4.81856
-3.46390, -5.86080
-5.30392, -5.97057
-3.03677, -7.57912
-5.13270, -7.80756
-2.72754, -10.44400
-0.91350, -10.80648
-14.58678, -7.59657
-16.21364, -6.30667
-16.50355, -8.75496
-13.81442, -9.40257
-13.19221, -13.15072
0.96700, -11.20466
-0.09720, -9.28602
1.85292, -8.14901
-9.58379, -14.79096
-8.06715, -16.40275
-8.05280, -13.76366
-0.15844, -17.36619
0.95470, -15.95237
-0.08507, -12.81472
-1.57036, -15.01068
-3.34943, -13.53195
-6.20759, -15.83003
-6.12875, -13.28289
-4.08219, -11.91593
-5.39232, -10.59591
-7.06073, -10.98449
-9.10685, -12.34832
-10.93245, -12.16275
-11.77133, -14.26360
4.22562, -12.77126
2.57619, -11.96112
1.32195, -13.92402
3.52743, -14.99188
2.68742, -16.61117
1.87657, -18.24549
4.03766, -18.54897
5.49491, -16.93135
-3.10152, -15.95873
-4.80091, -14.65559
-4.71067, -16.79086
-6.74636, -18.58679
-2.56147, -19.09267
7.90028, -16.01753
5.93574, -15.21283
6.03726, -13.14841
