-8.95654, -13.54403
-6.47291, -16.40361
-0.98489, -18.64586
1.38826, -19.25427
-0.30534, -16.91086
2.86570, -17.23928
3.71827, -15.69289
1.22436, -15.35545
-5.10292, -18.77915
-5.98553, -14.68786
-4.24280, -15.00048
-2.10932, -12.40328
-3.88770, -11.45927
-5.01211, -13.05093
-7.05857, -10.89343
-6.96695, -13.18565
7.11494, -13.76246
8.55830, -14.84835
9.08824, -10.91628
6.43661, -12.15557
9.17291, -8.99065
6.89412, -10.12077
4.61489, -11.54533
3.76558, -13.91215
1.80282, -13.39412
0.03929, -13.17577
-1.45673, -14.21932
-2.08986, -16.44236
-4.47028, -17.02094
5.18580, -17.29532
5.67329, -15.44696
9.13038, -16.60901
-0.23132, -8.79746
-2.09308, -9.22022
-0.56760, -11.08473
-4.77755, -9.82848
-2.90845, -7.65828
-1.07862, -6.81710
-2.56303, -5.69592
-2.95851, -2.97634
1.23874, -10.55067
2.70961, -11.55101
5.02714, -9.58452
3.46244, -8.59838
3.39976, -6.80263
2.62089, -5.09142
1.45260, -8.16835
0.43779, -5.36406
15.92704, -10.43330
15.34306, -8.77521
12.48878, -10.59212
13.21476, -8.79613
11.46878, -6.56499
9.83339, -7.07847
11.43274, -9.10446
10.73780, -11.67172
-4.81080, -3.12295
-4.63476, -5.82473
-4.93399, -7.62909
-7.88264, -6.90600
-6.64059, -8.14188
11.56347, -13.24213
11.00309, -15.58586
13.52043, -11.95469
5.13008, -3.39511
3.11842, -3.43474
4.87578, -5.75934
13.35756, -5.35783
14.85408, -6.89628
16.50547, -6.31999
16.81957, -4.59885
18.19088, -3.17046
6.30088, -7.24930
8.05182, -7.51521
6.54778, -5.07378
9.27801, -4.96418
9.54056, -2.30582
7.05666, -2.87952
6.53300, -1.13585
3.24981, -0.98467
11.72919, 1.22116
8.31336, 2.42633
9.99120, 4.12865
8.50223, 5.23116
7.32548, 3.91726
6.14863, 1.88890
3.40613, 1.48712
4.90769, -0.11687
14.85517, -3.10516
13.38885, -2.05336
11.44911, -2.25849
12.52208, -3.70914
10.71676, -3.88396
7.49705, 0.68699
8.33284, -0.97030
10.12833, -0.54179
11.78410, 3.83447
13.42763, 0.61695
12.10586, -0.53979
12.83136, 6.01799
14.32302, 5.01852
14.43016, 7.77050
16.96873, 7.69465
16.08879, 9.25356
14.62285, -0.83674
16.28956, -1.96519
19.39983, -1.08709
17.14032, 0.31943
18.81710, 3.51786
15.54048, 1.25452
16.71596, 3.65670
14.41689, 2.72173
8.94556, 11.45552
12.17183, 10.24573
11.75548, 12.87604
10.31225, 13.96834
12.88788, 14.46880
8.82939, 16.60025
8.42407, 14.45672
5.08389, 10.00759
13.82371, 10.83123
13.71622, 12.83102
12.58899, 7.81925
10.39235, 7.76085
10.28617, 5.92215
6.59265, 10.85269
8.68487, 9.62405
10.52865, 9.60634
0.44705, 17.21689
0.86567, 15.00485
0.06778, 13.37435
-4.74237, 12.74341
-4.34699, 15.66688
-3.01750, 12.41956
-1.70362, 13.83402
-0.81231, 15.88734
0.98407, 11.91411
3.68568, 13.28024
5.98136, 13.50831
4.65850, 14.68195
6.88350, 15.48037
4.02561, 16.80346
2.34471, 16.10979
1.85703, 19.40964
5.51953, 4.10547
5.76439, 6.11155
8.49456, 7.10462
6.94411, 8.57378
4.61534, 11.77477
2.01481, 10.30851
3.44361, 9.29723
2.31935, 5.54360
-2.54127, 15.66909
-1.16818, 17.97857
-4.89177, 18.45577
-5.77046, 16.85644
-7.60125, 16.65569
-6.72432, 14.90893
3.72677, 3.93401
4.20431, 6.92453
-5.07412, 10.97964
-4.63810, 8.39098
-6.08267, 9.47846
-11.50586, 10.46304
-8.79357, 9.37491
-9.73255, 10.96787
-7.21843, 10.91231
-6.60242, 13.20674
-2.51959, 7.15608
-0.89591, 5.33942
0.22447, 6.71341
-1.45641, 8.56174
2.28238, 7.91073
0.63134, 9.14339
-1.24623, 12.09610
-2.71914, 9.81955
1.63725, 0.57171
1.38380, 2.78726
-0.04708, 1.46572
0.73687, 4.72377
-1.44406, 3.60589
-2.12415, 0.62598
-3.41682, -1.22904
-1.24183, -3.28629
-8.31845, 12.42921
-8.93518, 14.66414
-10.76990, 14.61435
-10.98900, 12.78461
-14.31449, 13.02186
-1.00669, -0.78409
1.36173, -3.10890
1.50546, -1.26652
-9.93028, 6.51919
-9.83262, 3.43899
-11.50319, 2.81385
-14.66291, 5.95804
-13.57390, 4.50460
-11.08445, 5.06617
-12.29927, 6.78623
-10.95295, 8.76335
-3.87526, 0.78068
-5.75522, 1.84842
-4.37759, 3.98974
-2.94798, 5.15885
-6.64663, 4.32366
-6.12355, 6.07827
-7.65585, 6.92401
-8.47564, 4.64178
-6.94601, -2.77433
-5.18455, -0.46110
-6.79672, 0.39003
-7.73819, 1.97476
-8.12775, -0.77763
-9.29204, 0.98008
-10.53170, -2.36639
-10.02180, -4.14464
-13.44066, 9.47790
-13.04059, 11.51517
-15.34915, 10.64988
-14.69126, 7.96325
-17.73656, 5.69126
-9.51314, -5.99831
-8.29630, -4.17265
-6.39151, -5.38408
-17.53910, 1.73245
-18.27577, -0.35450
-15.92404, 0.84316
-15.50456, -7.82420
-13.73768, -8.16491
-11.42640, -5.80187
-14.05900, -5.48919
-13.56094, -3.23006
-16.91395, -1.74426
-14.61435, -0.64607
-12.46099, -1.83773
-11.88890, -0.06810
-12.99941, 1.23626
-15.14978, 2.42895
-15.82219, 4.13632
-18.07379, 3.91822
-9.41068, -9.61249
-9.44729, -7.77521
-11.76681, -7.56095
-11.70419, -10.01055
-13.52839, -10.00680
-15.35257, -10.03584
-14.63106, -12.09542
-12.52525, -12.64843
-15.60372, -4.56340
-15.22515, -2.45560
-17.08120, -3.51514
-19.61076, -2.52989
-18.14089, -6.48068
-10.61000, -14.36676
-10.79596, -12.25196
-8.91492, -11.39532
