15.75367, 3.93475
15.85445, 7.72098
13.32310, 13.08179
11.98447, 15.13363
11.64993, 12.26171
9.53387, 14.64617
7.86057, 14.08204
9.47129, 12.14839
16.44928, 10.39795
14.33597, 6.78526
13.26230, 8.19312
9.93469, 7.71962
10.60808, 5.82217
12.51239, 6.23602
12.56361, 3.26278
14.04467, 5.01467
4.05209, 14.95353
3.72156, 16.72926
0.67438, 14.18825
3.46661, 13.31054
-0.68898, 12.82573
1.75462, 12.11942
4.39746, 11.62989
6.62263, 12.80110
7.71976, 11.09314
8.87245, 9.74074
10.68045, 9.49943
12.64910, 10.71070
14.79502, 9.52908
7.86118, 16.25493
6.25303, 15.22152
4.48926, 18.41384
6.11402, 6.32989
7.77227, 5.38379
7.90722, 7.78906
10.16240, 4.01865
7.31820, 3.68136
5.40081, 4.29739
5.73777, 2.46792
4.19203, 0.19564
6.21464, 8.61565
5.80602, 10.34688
2.76881, 10.46273
3.25620, 8.67858
2.08923, 7.31227
1.50739, 5.52443
4.44749, 7.00371
3.30113, 4.25056
-4.69401, 18.45239
-5.38365, 16.83538
-2.05176, 16.24663
-3.80036, 15.41295
-4.02043, 12.58842
-2.46779, 11.86214
-2.27822, 14.43636
-0.03143, 15.85965
5.65673, -0.94764
7.35223, 1.16325
8.79186, 2.29140
10.47732, -0.23380
10.39653, 1.51650
0.42077, 17.57529
2.41732, 18.92468
-1.89183, 17.94819
-1.48859, 5.96897
0.02134, 4.63913
0.29615, 7.54026
-6.22853, 12.97444
-6.29252, 15.11975
-7.89938, 15.81052
-9.29374, 14.75376
-11.26979, 14.62709
0.25206, 9.60156
-0.85922, 10.98052
-1.39974, 8.16440
-3.48671, 9.92811
-5.47625, 8.14553
-3.25735, 6.89041
-4.04927, 5.25107
-1.73078, 2.92152
-9.47267, 7.02380
-7.76845, 3.82755
-10.15556, 3.70600
-9.80263, 1.88721
-8.04737, 2.06091
-5.80937, 2.76131
-3.51595, 1.20472
-3.53937, 3.40175
-8.85457, 12.32538
-8.48407, 10.55927
-6.91535, 9.40004
-6.72639, 11.19446
-5.27726, 10.10369
-5.99153, 4.55844
-5.48809, 6.34496
-7.10136, 7.24204
-11.27868, 5.13415
-10.31669, 8.61671
-8.56070, 8.57657
-13.52597, 4.23181
-13.95049, 5.97645
-15.88870, 4.01986
-17.70909, 5.79082
-18.11352, 4.04699
-10.21580, 10.49596
-10.68226, 12.45396
-13.56863, 13.90782
-12.85298, 11.34432
-16.25005, 10.11901
-12.30518, 9.57406
-14.79473, 8.59714
-12.46802, 7.73324
-14.33459, -2.40236
-15.89593, 0.66923
-17.36598, -1.55132
-17.03986, -3.33168
-19.27692, -1.96059
-17.72468, -6.27394
-15.97769, -4.96739
-10.50927, -3.94374
-17.50938, 1.35354
-18.78117, -0.19348
-14.56418, 2.74004
-12.90520, 1.29907
-11.58471, 2.58297
-12.19258, -3.54751
-12.90507, -1.22818
-14.25248, 0.03051
-11.96117, -12.39160
-10.77537, -10.47789
-9.08556, -9.81481
-5.11288, -12.59932
-7.37946, -14.48762
-6.16580, -11.19525
-8.09009, -11.35045
-10.13443, -12.26216
-8.77458, -8.11918
-11.68937, -7.30121
-13.53600, -5.91843
-13.35359, -7.67744
-15.53344, -6.76290
-14.32025, -9.66915
-12.61232, -10.29331
-14.48211, -13.05570
-6.84304, 0.70208
-8.37886, -0.61154
-11.06266, 0.50077
-10.91210, -1.62988
-11.35770, -5.56319
-8.44980, -6.23905
-8.82002, -4.52817
-5.45521, -2.52024
-8.71227, -13.26932
-11.28487, -14.04441
-8.86195, -16.91185
-7.13362, -16.32634
-5.64819, -17.41520
-5.11464, -15.53490
-5.40544, -0.38268
-7.77789, -2.26491
-3.67670, -11.52306
-2.24930, -9.31993
-1.91894, -11.09765
1.41428, -15.48741
0.14970, -12.85276
-0.23420, -14.66158
-2.05026, -12.92210
-4.05453, -14.19756
-2.97694, -6.97822
-2.94672, -4.54190
-4.70101, -4.79799
-4.71044, -7.29631
-7.02716, -4.29044
-6.64266, -6.31468
-7.25319, -9.76013
-4.62923, -9.07676
-1.59335, 0.68460
-2.90329, -1.12010
-0.95551, -1.11245
-3.73461, -2.98491
-1.37143, -3.63414
1.14318, -1.89658
3.34947, -1.40223
3.13576, 1.58394
-2.26405, -14.78364
-3.31924, -16.84806
-1.93291, -18.05087
-0.53522, -16.84986
1.75631, -19.27145
1.27193, -0.10202
1.09637, 3.21209
-0.25429, 1.95085
2.91706, -11.51525
4.92602, -9.17831
6.58003, -9.84603
6.78544, -14.29885
6.96446, -12.49154
4.74966, -11.22372
4.48326, -13.31260
2.15494, -13.86072
2.32972, -3.19367
2.99442, -5.25097
0.53207, -5.89901
-1.31180, -5.79513
1.97939, -7.67813
0.40834, -8.61838
0.96669, -10.27713
3.11295, -9.14833
6.99545, -2.64720
4.13396, -3.16267
4.74757, -4.87936
4.37107, -6.68379
6.51777, -4.91770
6.18868, -7.00020
9.36350, -5.37043
10.18892, -3.71488
3.50632, -16.06822
1.83500, -17.29997
4.12163, -18.22165
5.45164, -15.79639
9.23181, -16.17868
11.06622, -2.00457
8.93568, -2.52850
8.34975, -0.34848
11.76075, -13.12654
13.71381, -12.08556
11.17080, -11.37977
16.71711, -4.70612
15.64461, -3.26123
12.34411, -3.44198
14.07382, -5.45106
12.18037, -6.78019
13.64868, -10.14089
11.21131, -9.39698
10.42876, -7.06361
8.81142, -7.98182
8.74897, -9.69374
9.52861, -12.02586
8.87088, -13.73894
10.67829, -15.09929
13.43239, 0.72931
12.21813, -0.65001
13.78351, -2.37502
15.39227, -0.52668
16.73467, -1.76186
18.09922, -2.97284
18.95870, -0.96693
17.77973, 0.86347
14.58726, -7.17723
12.88414, -8.47550
14.96837, -8.94826
16.16774, -11.38360
17.75316, -7.47775
17.52855, 3.42428
16.23692, 1.73945
14.27134, 2.37868
