13.90027, 8.39302
12.88329, 12.04151
8.88755, 16.42101
7.00477, 17.98854
7.52949, 15.14521
4.80585, 16.80205
3.37239, 15.77084
5.48048, 14.39629
12.66469, 14.77504
11.70708, 10.70066
10.26691, 11.73058
7.22563, 10.29956
8.42718, 8.68399
10.12561, 9.63949
11.04882, 6.81275
11.94928, 8.92269
-0.52398, 15.48396
-1.36203, 17.08400
-3.52735, 13.75933
-0.60047, 13.74144
-4.42981, 12.05615
-1.88655, 12.09958
0.78341, 12.40879
2.56583, 14.18252
4.11666, 12.87267
5.61606, 11.91899
7.41508, 12.21997
8.94055, 13.95656
11.33904, 13.45816
2.73405, 17.84785
1.50086, 16.38726
-1.12361, 18.91984
3.98250, 7.84784
5.84563, 7.43115
5.26736, 9.76977
8.53151, 6.82915
5.91221, 5.67046
3.89845, 5.69547
4.75846, 4.04595
3.94919, 1.41962
3.40656, 10.06213
2.50695, 11.59668
-0.43005, 10.81435
0.56040, 9.25238
-0.15323, 7.60333
-0.18365, 5.72345
2.19151, 8.00183
1.90536, 5.03332
-9.91225, 16.25643
-10.09594, 14.50813
-6.73822, 14.92512
-8.16439, 13.61413
-7.54420, 10.84976
-5.84665, 10.61212
-6.42238, 13.12828
-4.69342, 15.14930
5.68531, 0.75756
6.68517, 3.27368
7.72943, 4.77527
10.08290, 2.85730
9.49102, 4.50646
-4.76568, 16.92206
-3.25416, 18.79887
-7.08569, 16.59848
-3.17790, 5.26739
-1.34370, 4.44032
-1.93408, 7.29401
-9.76819, 10.56944
-10.46016, 12.60109
-12.19911, 12.78885
-13.22110, 11.36881
-15.07254, 10.66670
-2.58233, 9.25122
-4.04995, 10.24246
-3.73852, 7.39190
-6.25184, 8.46398
-7.62927, 6.17521
-5.13941, 5.62802
-5.41429, 3.82828
-2.51331, 2.28344
-11.11919, 3.92795
-8.55049, 1.37410
-10.79633, 0.55603
-9.92420, -1.07859
-8.29762, -0.39645
-6.36449, 0.93105
-3.71475, 0.11764
-4.38316, 2.21066
-12.08729, 9.17691
-11.21386, 7.59782
-9.37364, 6.95110
-9.72066, 8.72176
-8.01486, 8.10531
-7.06703, 2.59517
-7.11115, 4.45075
-8.91688, 4.83381
-12.28973, 1.59080
-12.39428, 5.20227
-10.70412, 5.68024
-14.17235, 0.06756
-15.09110, 1.61024
-16.36831, -0.82977
-18.62896, 0.32764
-18.50275, -1.45802
-12.85043, 7.02811
-13.87200, 8.76239
-17.05826, 9.30327
-15.62047, 7.06353
-18.50709, 4.89351
-14.57637, 5.53260
-16.66860, 3.86684
-14.19073, 3.72528
-12.99451, -6.51111
-15.39000, -4.03440
-16.14213, -6.58904
-15.30693, -8.19481
-17.84825, -7.54211
-15.09633, -11.20836
-13.81075, -9.44588
-8.88507, -6.85955
-17.13334, -3.85475
-17.89402, -5.70734
-14.72603, -1.66354
-12.71668, -2.55301
-11.83208, -0.93759
-10.61047, -6.97580
-11.97344, -4.96849
-13.63140, -4.16164
-7.78877, -15.36087
-7.21810, -13.18309
-5.79796, -12.05245
-1.18215, -13.54574
-2.79329, -16.01702
-2.60137, -12.51334
-4.39496, -13.22749
-6.08085, -14.70002
-5.99932, -10.34033
-9.02577, -10.41559
-11.19736, -9.63692
-10.50579, -11.26453
-12.85818, -11.03139
-10.84407, -13.45243
-9.02812, -13.54681
-10.00299, -16.73687
-6.74697, -1.34109
-7.82864, -3.04823
-10.72086, -2.77424
-9.95046, -4.76642
-9.21981, -8.65688
-6.24173, -8.44782
-7.09865, -6.92143
-4.47300, -4.01288
-4.42541, -15.24448
-6.65638, -16.74176
-3.49742, -18.77000
-2.01766, -17.70217
-0.27774, -18.30612
-0.32065, -16.35206
-5.05396, -1.95518
-6.76807, -4.45180
-0.12592, -12.09476
0.59057, -9.56931
1.42905, -11.17130
5.90568, -14.38690
3.92232, -12.24056
4.08725, -14.08230
1.84000, -12.95371
0.29936, -14.76213
-0.79346, -7.54508
-1.48096, -5.20757
-3.08239, -5.96817
-2.35680, -8.35883
-5.45495, -6.16704
-4.49223, -7.98874
-4.06268, -11.46139
-1.75565, -10.03668
-1.72421, 0.18583
-2.44559, -1.92427
-0.58617, -1.34423
-2.69183, -3.95108
-0.24222, -3.87674
1.65031, -1.47660
3.61371, -0.35536
2.53139, 2.43596
2.18303, -14.79582
1.78150, -17.07924
3.46022, -17.82125
4.44298, -16.26236
7.34525, -17.90309
1.24570, 0.27649
0.10342, 3.39247
-0.81668, 1.78984
6.17406, -10.14846
7.40705, -7.32412
9.18428, -7.47597
10.68991, -11.67155
10.32960, -9.89149
7.83992, -9.33096
8.19951, -11.40583
6.13528, -12.61435
3.16580, -2.36746
4.40604, -4.13835
2.24309, -5.48178
0.45020, -5.92467
4.14957, -6.75669
2.92444, -8.11732
3.94585, -9.53856
5.66532, -7.82858
7.46459, -0.47324
4.88117, -1.80731
5.97242, -3.26768
6.14314, -5.10305
7.67564, -2.78382
7.97344, -4.87102
10.52869, -2.37977
10.83083, -0.55471
8.07602, -14.32690
6.84076, -15.99562
9.29732, -16.20420
9.85542, -13.49508
13.58088, -12.74895
11.16644, 1.33796
9.28414, 0.21073
8.08310, 2.12208
15.10058, -9.08812
16.66120, -7.51888
14.02308, -7.59203
17.36189, 0.41743
15.91194, 1.48308
12.81049, 0.33985
15.05449, -1.07182
13.63556, -2.89894
16.02714, -5.67933
13.47879, -5.68499
12.04472, -3.68487
10.76887, -5.03805
11.21255, -6.69266
12.64347, -8.69243
12.51853, -10.52318
14.64604, -11.29195
12.62413, 4.64673
11.86913, 2.97135
13.87253, 1.78287
14.86669, 4.02255
16.51294, 3.23669
18.17324, 2.48048
18.40491, 4.65044
16.73985, 6.05325
16.05279, -2.57070
14.80671, -4.31237
16.93781, -4.15138
18.80025, -6.12640
19.16710, -1.92704
15.74679, 8.42700
15.00767, 6.43686
12.94102, 6.46987
