4.52370, 15.59476
1.30205, 17.58640
-4.60448, 18.09522
-7.05119, 17.97039
-4.73734, 16.23663
-7.86259, 15.60720
-8.21673, 13.87724
-5.73530, 14.29668
-0.71238, 19.44708
1.34695, 15.80334
-0.40990, 15.58357
-1.67453, 12.46943
0.30412, 12.09696
0.90435, 13.95099
3.49981, 12.49966
2.73069, 14.66093
-10.88568, 11.02405
-12.58665, 11.63160
-11.92332, 7.71982
-9.76019, 9.69157
-11.43152, 5.85612
-9.59190, 7.61278
-7.83941, 9.65068
-7.73235, 12.16298
-5.70433, 12.25206
-3.95566, 12.56802
-2.83764, 14.00924
-2.89423, 16.32000
-0.79356, 17.58028
-10.09440, 14.97077
-10.01017, 13.06106
-13.65643, 13.14248
-2.39529, 8.46826
-0.74347, 9.42553
-2.75440, 10.75206
1.63868, 10.80457
0.49949, 8.17673
-0.99741, 6.82945
0.75326, 6.20042
1.93959, 3.72148
-4.32021, 9.70500
-6.02201, 10.22268
-7.64991, 7.65598
-5.86275, 7.17975
-5.26889, 5.48388
-4.01638, 4.08170
-3.81595, 7.36686
-2.01312, 4.99120
-18.30911, 5.22500
-17.25848, 3.81558
-15.07363, 6.39909
-15.23268, 4.46846
-12.90221, 2.85747
-11.49350, 3.83405
-13.62297, 5.29277
-13.72290, 7.95055
3.66447, 4.41228
2.69295, 6.93948
2.44208, 8.75120
5.47236, 8.93768
3.91899, 9.74829
-14.97823, 9.20438
-15.14017, 11.60872
-16.46380, 7.39323
-5.90762, 1.71596
-3.99875, 2.35202
-6.36789, 4.04886
-14.34655, 1.14324
-16.23288, 2.16707
-17.63818, 1.12577
-17.42625, -0.61091
-18.31075, -2.38248
-8.17160, 5.04762
-9.92239, 4.78082
-7.76038, 2.89710
-10.33450, 1.98056
-9.79464, -0.63562
-7.59372, 0.65077
-6.57523, -0.85829
-3.39561, -0.02629
-10.83543, -4.65388
-7.21574, -4.78875
-8.31145, -6.91300
-6.56198, -7.52286
-5.82919, -5.91846
-5.30876, -3.63190
-2.80980, -2.43274
-4.72042, -1.34784
-15.10653, -1.45287
-13.39377, -2.02104
-11.60278, -1.24835
-13.05860, -0.18241
-11.38693, 0.52136
-6.95360, -2.88534
-8.24441, -1.55157
-9.83124, -2.49463
-10.11072, -7.16529
-12.63671, -4.58208
-11.71872, -3.08461
-10.46128, -9.56146
-12.18267, -9.05079
-11.46660, -11.71014
-13.91288, -12.39262
-12.60917, -13.61934
-14.21015, -3.54958
-16.13704, -2.96782
-18.84547, -4.73111
-16.26992, -5.40208
-16.91971, -8.95445
-14.46437, -5.81912
-14.87234, -8.46218
-12.95531, -6.88582
-5.13428, -13.59746
-8.57437, -13.40182
-7.39466, -15.78932
-5.69190, -16.40302
-8.00219, -17.64677
-3.49346, -18.47491
-3.74391, -16.30781
-1.87789, -11.06668
-9.97740, -14.45205
-9.28008, -16.32941
-9.69422, -11.20916
-7.61433, -10.50018
-8.05974, -8.71309
-3.06708, -12.32221
-5.43003, -11.77133
-7.19566, -12.30271
4.69304, -16.57096
3.63555, -14.58347
3.91248, -12.78946
8.31739, -10.75664
8.80927, -13.66544
6.57425, -10.96038
5.74043, -12.70156
5.50006, -14.92705
2.60341, -11.66776
0.43027, -13.77548
-1.69373, -14.67591
-0.08171, -15.40307
-1.96863, -16.82703
1.15343, -17.24040
2.55200, -16.07825
3.99892, -19.08380
-4.04897, -5.56111
-3.68620, -7.54925
-5.99754, -9.30928
-4.08034, -10.25091
-0.90502, -12.61457
1.14183, -10.44132
-0.52306, -9.90068
-0.56590, -5.98253
7.08590, -14.20452
6.46171, -16.81785
10.15875, -16.16615
10.52209, -14.37788
12.21036, -13.64178
10.85366, -12.23481
-2.38830, -4.86428
-1.95492, -7.86153
8.10964, -8.97401
6.92354, -6.63213
8.62615, -7.24083
14.09679, -6.56815
11.18362, -6.33581
12.55382, -7.57748
10.13692, -8.27206
10.23109, -10.64589
4.53364, -6.08308
2.44319, -4.83145
1.78208, -6.47645
3.93657, -7.74131
0.17332, -8.23157
2.11623, -8.91749
4.78693, -11.17829
5.51622, -8.56672
-1.39317, -1.03272
-0.49233, -3.07267
0.48082, -1.38541
0.70120, -4.72920
2.45104, -3.01334
2.21421, 0.03400
2.89676, 2.18951
0.20839, 3.50691
11.63827, -9.39323
12.89171, -11.34364
14.62862, -10.75051
14.29369, -8.93839
17.53929, -8.17599
0.72798, 1.04798
-2.22463, 2.56331
-1.81399, 0.76154
11.41968, -3.27126
10.41047, -0.35944
11.81956, 0.73420
15.77134, -1.32813
14.29938, -0.26428
12.08955, -1.54074
13.76092, -2.82173
13.06345, -5.10976
3.93210, 0.40704
6.04453, -0.05334
5.36600, -2.50746
4.34872, -4.04882
7.63169, -2.15152
7.65405, -3.98230
9.36853, -4.33411
9.47255, -1.91135
5.80676, 4.71439
4.81288, 1.98199
6.60523, 1.64879
7.97536, 0.41572
7.52881, 3.15944
9.16313, 1.82748
9.35155, 5.39120
8.33591, 6.93737
15.65111, -5.05222
15.87496, -7.11629
17.82177, -5.60364
16.39471, -3.23418
18.62661, -0.15938
7.29903, 8.55592
6.68014, 6.45100
4.50128, 7.04118
17.26083, 3.56161
17.34356, 5.77322
15.45438, 3.93039
12.47643, 12.08091
10.68815, 11.88078
9.18415, 8.93732
11.79063, 9.42166
11.98692, 7.11662
15.63007, 6.69514
13.76109, 4.96279
11.35077, 5.46018
11.33080, 3.60048
12.77896, 2.68537
15.18673, 2.18609
16.33645, 0.75592
18.42133, 1.63373
6.12643, 11.97613
6.70775, 10.23285
8.98605, 10.71805
8.19782, 13.03821
9.94061, 13.57710
11.67362, 14.14730
10.37229, 15.89914
8.19729, 15.80092
13.54078, 8.99711
13.80614, 6.87209
15.26314, 8.43564
17.97125, 8.24719
15.39302, 11.58215
5.85769, 16.87197
6.66413, 14.90814
5.12293, 13.53088
