-12.72949, 10.08070
-15.79077, 7.85039
-18.49359, 2.57396
-19.30249, 0.26146
-16.82298, 1.74870
-17.42106, -1.38270
-15.95314, -2.36424
-15.40391, 0.09173
-18.27464, 6.68833
-14.12292, 7.21824
-14.58325, 5.50859
-12.17778, 3.16107
-11.08531, 4.85230
-12.57511, 6.10856
-10.25069, 7.96325
-12.54236, 8.06776
-14.31990, -5.91339
-15.52511, -7.25872
-11.65267, -8.12259
-12.66094, -5.37480
-9.74131, -8.37143
-10.67266, -6.00444
-11.89733, -3.61186
-14.18295, -2.56348
-13.49915, -0.65215
-13.13097, 1.08628
-14.04292, 2.66598
-16.20376, 3.48667
-16.57690, 5.90782
-17.67507, -3.68954
-15.87510, -4.33312
-17.32819, -7.67832
-8.74555, 0.98193
-9.00774, 2.87300
-10.99574, 1.51235
-9.38447, 5.59961
-7.38186, 3.55197
-6.70005, 1.65698
-5.45618, 3.04019
-2.71276, 3.20193
-10.61792, -0.33301
-11.74024, -1.71305
-9.97889, -4.19008
-8.86271, -2.71534
-7.06817, -2.80627
-5.29668, -2.17642
-8.26258, -0.74958
-5.38185, 0.02200
-11.75561, -14.97765
-10.05369, -14.53744
-11.62017, -11.53839
-9.89274, -12.41512
-7.52063, -10.86611
-7.89254, -9.19284
-10.04773, -10.61328
-12.54626, -9.70159
-2.70062, 5.05997
-5.40756, 5.11535
-7.17976, 5.56761
-6.20745, 8.44372
-7.54490, 7.31178
-14.18145, -10.39011
-16.46875, -9.63158
-13.06587, -12.44988
-3.82089, -4.82133
-3.68856, -2.81364
-6.15476, -4.36602
-6.47921, -12.85109
-8.13987, -14.21073
-7.70674, -15.90531
-6.01872, -16.36528
-4.71268, -17.85358
-7.76101, -5.65864
-8.17551, -7.38046
-5.61453, -6.09047
-5.73854, -8.82008
-3.11232, -9.30873
-3.47175, -6.78492
-1.68972, -6.41211
-1.25866, -3.15383
0.21482, -11.79063
1.70736, -8.49022
3.26014, -10.30734
4.48581, -8.91799
3.27723, -7.63331
1.35680, -6.28750
1.19075, -3.52070
-0.53565, -4.87977
-4.36270, -14.53565
-3.18949, -13.16453
-3.22819, -11.21435
-4.76518, -12.15949
-4.78516, -10.34584
0.04410, -7.52834
-1.67852, -8.21951
-1.40494, -10.04503
2.81389, -12.06856
-0.53225, -13.43125
-1.57186, -12.01551
4.89998, -13.29850
3.77675, -14.69934
6.50953, -15.04115
6.21711, -17.56397
7.84549, -16.82041
-2.08272, -14.49794
-3.34941, -16.06217
-2.74019, -19.23607
-1.14581, -17.10496
1.89770, -19.04882
-0.07748, -15.59084
2.21551, -16.96721
1.48033, -14.59668
10.64955, -9.89136
9.16860, -13.00251
11.82486, -12.81235
13.03645, -11.46769
13.31507, -14.07666
15.78541, -10.21506
13.68432, -9.62813
9.53677, -5.92013
9.61086, -14.69836
11.61253, -14.76207
6.71536, -13.21087
6.84481, -11.01728
5.02189, -10.75443
10.24990, -7.49556
8.84704, -9.47519
8.67191, -11.31071
17.11579, -1.91603
14.87607, -2.14418
13.31968, -1.20993
13.10191, 3.63653
15.98093, 2.99288
12.63191, 1.94563
13.92897, 0.51573
15.89866, -0.54771
11.78651, -1.99814
12.91689, -4.80657
12.94804, -7.11334
14.23038, -5.89556
14.83582, -8.18063
16.39819, -5.44620
15.85063, -3.71219
19.18008, -3.50815
3.61900, -5.85004
5.59684, -6.26536
6.35307, -9.07037
7.94930, -7.65108
11.33751, -5.60423
10.09874, -2.88797
8.96911, -4.22517
5.32523, -2.78439
15.82889, 1.19357
18.01265, -0.37176
18.80616, 3.29745
17.28773, 4.30954
17.24410, 6.15079
15.42881, 5.42627
3.60130, -4.04918
6.54011, -4.78041
11.37292, 4.11773
8.75649, 3.90441
9.96338, 5.25082
11.40759, 10.57009
10.09177, 7.96066
11.75911, 8.76013
11.48900, 6.25996
13.72243, 5.45021
7.34514, 1.89913
5.39643, 0.43656
6.66970, -0.79709
8.65485, 0.71977
7.68686, -2.94975
9.05604, -1.41004
12.15834, 0.20847
10.01592, 1.87045
0.42977, -1.68010
2.65887, -1.61682
1.46438, -0.07829
4.64357, -1.13766
3.71606, 1.13078
0.80513, 2.06292
-0.93269, 3.50931
-3.16821, 1.51799
13.09432, 7.22639
15.37376, 7.64996
15.48087, 9.48222
13.67653, 9.85681
14.19697, 13.14989
-0.69524, 1.06999
-3.21385, -1.09120
-1.39048, -1.39178
7.34358, 9.33713
4.26629, 9.50294
3.78613, 11.22080
7.18873, 14.10040
5.64758, 13.13952
5.99445, 10.61121
7.81199, 11.67466
9.66689, 10.16439
1.10884, 3.79442
2.33325, 5.57630
4.34908, 4.02080
5.39181, 2.49655
4.87559, 6.25303
6.57911, 5.58198
7.55264, 7.03644
5.34878, 8.04817
-2.17089, 7.15760
-0.01657, 5.20498
0.96916, 6.73857
2.62851, 7.54123
-0.08054, 8.16447
1.77019, 9.17437
-1.45816, 10.69534
-3.27346, 10.33920
10.59132, 12.58197
12.58697, 12.00934
11.92204, 14.38337
9.18902, 13.95738
7.18546, 17.18561
-5.16380, 9.99073
-3.44876, 8.62240
-4.81846, 6.82805
3.22426, 17.32702
1.20785, 18.23925
2.20026, 15.79382
-6.47125, 16.11621
-6.96164, 14.38489
-4.80466, 11.88022
-4.26825, 14.47648
-2.05992, 13.78728
-0.29315, 17.00112
0.60460, 14.61613
-0.76664, 12.57243
0.94766, 11.85126
2.34211, 12.84630
3.71412, 14.88694
5.47269, 15.41105
5.44770, 17.67306
-8.77353, 10.19735
-6.93984, 10.07690
-6.52823, 12.36964
-8.97423, 12.51649
-8.81467, 14.33370
-8.68780, 16.15369
-10.80147, 15.61074
-11.53233, 13.55986
-3.21390, 15.93648
-1.14614, 15.37925
-2.04327, 17.31902
-0.84556, 19.75518
-4.90746, 18.62815
-13.40798, 11.79838
-11.28503, 11.80303
-10.59219, 9.85569
