13.20673, -9.44683
16.15540, -7.06965
18.59725, -1.66748
19.29221, 0.68178
16.88832, -0.92481
17.33272, 2.23207
15.81861, 3.14072
15.39000, 0.66086
18.57955, -5.78763
14.45867, -6.51973
14.83493, -4.78963
12.31766, -2.56241
11.30911, -4.30500
12.85850, -5.48698
10.62746, -7.45300
12.92150, -7.44544
14.01393, 6.60586
15.15199, 8.00845
11.24198, 8.68212
12.38327, 5.98687
9.32074, 8.83730
10.36660, 6.51863
11.70669, 4.18873
14.04079, 3.25326
13.45118, 1.31080
13.16836, -0.44354
14.15639, -1.97680
16.35474, -2.69096
16.84570, -5.09098
17.47374, 4.54856
15.64448, 5.10345
16.93242, 8.51563
8.78308, -0.55353
9.13733, -2.42954
11.05649, -0.97341
9.64681, -5.13449
7.54656, -3.18713
6.77299, -1.32770
5.59818, -2.77003
2.86593, -3.06559
10.58898, 0.85129
11.64254, 2.28452
9.76230, 4.67255
8.71948, 3.14504
6.92264, 3.14820
5.18404, 2.43256
8.21610, 1.15231
5.37650, 0.24093
11.00992, 15.53403
9.33154, 15.01120
11.04265, 12.09226
9.27446, 12.88356
6.98084, 11.22052
7.43405, 9.56741
9.51728, 11.09144
12.05736, 10.30289
2.94457, -4.92200
5.65098, -4.84508
7.44317, -5.21023
6.61252, -8.13041
7.89307, -6.93448
13.65696, 11.07047
15.97859, 10.42458
12.44210, 13.07328
3.58081, 5.00222
3.54671, 2.99046
5.93414, 4.66147
5.84370, 13.15225
7.43596, 14.59140
6.92057, 16.26280
5.21210, 16.63975
3.83491, 18.06248
7.47532, 6.03101
7.80521, 7.77102
5.31031, 6.35746
5.30083, 9.08987
2.65387, 9.44965
3.13616, 6.94641
1.37448, 6.48699
1.10309, 3.21155
-0.79054, 11.76606
-2.12007, 8.39668
-3.75976, 10.13578
-4.91610, 8.68821
-3.64620, 7.46410
-1.66232, 6.21372
-1.36131, 3.45833
0.29663, 4.90011
3.64743, 14.73141
2.54260, 13.30462
2.67652, 11.35866
4.16550, 12.37775
4.27405, 10.56724
-0.41180, 7.51719
1.27499, 8.29169
0.91256, 10.10167
-3.40008, 11.91669
-0.12450, 13.44122
0.98303, 12.07795
-5.54376, 13.04326
-4.49030, 14.49729
-7.23651, 14.70521
-7.06768, 17.23929
-8.65779, 16.41707
1.37201, 14.58237
2.56078, 16.20661
1.79724, 19.34696
0.30887, 17.14051
-2.82597, 18.93337
-0.68422, 15.57601
-3.04171, 16.83873
-2.19161, 14.50694
-11.12003, 9.35932
-9.79283, 12.53910
-12.43663, 12.21941
-13.58108, 10.81717
-13.98682, 13.40941
-16.26556, 9.43176
-14.13832, 8.94816
-9.81458, 5.44719
-10.31740, 14.21132
-12.31979, 14.17718
-7.35269, 12.86706
-7.37483, 10.66976
-5.54125, 10.49627
-10.60382, 6.98590
-9.29934, 9.03170
-9.21408, 10.87359
-17.18895, 1.07764
-14.96305, 1.41493
-13.36288, 0.55783
-12.90863, -4.27222
-15.81565, -3.76997
-12.52179, -2.56037
-13.88715, -1.19554
-15.90644, -0.22959
-11.87005, 1.41998
-13.13627, 4.16984
-13.28006, 6.47234
-14.50139, 5.19337
-15.21773, 7.44614
-16.64466, 4.63865
-16.01305, 2.93346
-19.32855, 2.56702
-3.90045, 5.66627
-5.89621, 5.98447
-6.78857, 8.74919
-8.31356, 7.25363
-11.59774, 5.04371
-10.22776, 2.39120
-9.16480, 3.78198
-5.45489, 2.52093
-15.75169, -1.96539
-18.00931, -0.50860
-18.62262, -4.21219
-17.05657, -5.14890
-16.92305, -6.98582
-15.14532, -6.17349
-3.79480, 3.86843
-6.76582, 4.45522
-11.15820, -4.66838
-8.55530, -4.32751
-9.69499, -5.73126
-10.87763, -11.11473
-9.69084, -8.44413
-11.31715, -9.32411
-11.16949, -6.81372
-13.43981, -6.11404
-7.24360, -2.25567
-5.36866, -0.69965
-6.70067, 0.47033
-8.60936, -1.14170
-7.82178, 2.57073
-9.11411, 0.96597
-12.13364, -0.80215
-9.91259, -2.35749
-0.51133, 1.65710
-2.73468, 1.48500
-1.46646, 0.00666
-4.69360, 0.90947
-3.65639, -1.31096
-0.70340, -2.09978
1.10301, -3.45956
3.23858, -1.36141
-12.72568, -7.85741
-14.98171, -8.39183
-14.99919, -10.22714
-13.17870, -10.51314
-13.53765, -13.82771
0.74668, -1.03475
3.15671, 1.24689
1.32083, 1.45804
-6.87870, -9.68472
-3.79698, -9.70000
-3.23348, -11.39235
-6.49135, -14.43474
-4.99898, -13.39972
-5.46894, -10.89137
-7.23236, -12.04234
-9.15882, -10.62448
-0.92216, -3.84405
-2.05807, -5.68362
-4.14747, -4.22846
-5.26341, -2.75696
-4.56431, -6.48373
-6.29857, -5.89671
-7.19990, -7.39699
-4.94924, -8.29985
2.51794, -7.04301
0.27081, -5.19796
-0.63882, -6.77786
-2.25699, -7.66063
0.47928, -8.15079
-1.31991, -9.24989
1.97888, -10.61134
3.77462, -10.16695
-9.96405, -13.08433
-11.98529, -12.60987
-11.20518, -14.94859
-8.49624, -14.38959
-6.33737, -17.51610
5.64568, -9.72655
3.86584, -8.44363
5.14626, -6.58451
-2.37399, -17.46384
-0.31543, -18.27648
-1.42611, -15.88245
7.25080, -15.78085
7.65603, -14.02764
5.37927, -11.63133
4.97033, -14.25070
2.73097, -13.67020
1.12330, -16.96650
0.11012, -14.62821
1.37988, -12.51997
-0.36760, -11.88341
-1.71177, -12.94538
-2.98247, -15.05060
-4.71333, -15.65999
-4.57787, -17.91808
9.26120, -9.75660
7.42381, -9.72586
7.12469, -12.03597
9.57494, -12.06316
9.50434, -13.88599
9.46653, -15.71001
11.55116, -15.06446
12.18096, -12.98032
3.98856, -15.76046
1.89605, -15.30490
2.88686, -17.19853
1.80958, -19.69029
5.81158, -18.36619
13.96832, -11.12932
11.84813, -11.23766
11.06099, -9.32650
