7.02210, -14.64071
10.75126, -13.97810
15.49358, -10.42052
17.23434, -8.69665
14.35381, -8.94643
16.26408, -6.39413
15.37501, -4.86844
13.80473, -6.83507
13.49317, -14.02251
9.52932, -12.67879
10.69253, -11.34397
9.55960, -8.17954
7.83630, -9.22070
8.62462, -11.00290
5.72240, -11.65093
7.73632, -12.74947
15.46290, -0.96251
17.13589, -0.28167
14.03406, 2.19234
13.73573, -0.71935
12.42522, 3.25388
12.22470, 0.71817
12.27658, -1.96913
13.87131, -3.91335
12.41884, -5.33150
11.32584, -6.73258
11.45301, -8.55218
13.03539, -10.23706
12.30940, -12.57674
17.50364, -4.43211
16.16797, -3.06460
18.94043, -0.69495
7.43000, -4.71635
6.83666, -6.53096
9.21993, -6.17951
5.98000, -9.14678
5.07769, -6.42848
5.29560, -4.42639
3.57125, -5.12434
1.03457, -4.06707
9.68931, -4.35529
11.30301, -3.60690
10.80578, -0.60844
9.15607, -1.44462
7.58301, -0.57622
5.71470, -0.36576
7.75495, -2.94836
4.82753, -2.37902
17.13164, 8.30850
15.40899, 8.65891
15.50223, 5.27669
14.33397, 6.82194
11.52288, 6.46957
11.12364, 4.80260
13.68340, 5.13452
15.52940, 3.21982
0.20915, -5.73174
2.61786, -6.96816
4.01245, -8.15153
1.87774, -10.31034
3.57604, -9.87925
17.30093, 3.12183
19.02422, 1.43739
17.20120, 5.46218
5.54773, 2.65841
4.54867, 0.91192
7.44580, 1.22608
11.45702, 8.71018
13.54564, 9.20424
13.89921, 10.91719
12.58365, 12.07058
12.06223, 13.98079
9.45613, 1.68375
10.58348, 3.04961
7.71619, 3.01283
9.02423, 5.41182
6.87801, 7.00228
6.09470, 4.57633
4.32960, 5.02244
2.51382, 2.28288
4.97559, 10.69152
2.18730, 8.37942
1.58825, 10.69333
-0.12243, 9.98189
0.40067, 8.29741
1.53678, 6.24595
0.47314, 3.68638
2.62059, 4.15109
10.29318, 11.15207
8.63764, 10.43402
7.81752, 8.66425
9.61329, 8.83996
8.83619, 7.20110
3.26057, 6.78576
5.11184, 6.65183
5.66620, 8.41253
2.76140, 12.08068
6.36626, 11.83861
6.68003, 10.11041
1.42561, 14.10062
3.04925, 14.86729
0.74288, 16.37249
2.11164, 18.51179
0.32210, 18.55731
8.22741, 12.11765
10.05163, 12.96830
10.89540, 16.08805
8.52817, 14.87155
6.64481, 17.95286
6.90421, 13.97899
5.44665, 16.22125
5.06825, 13.76835
-5.23567, 13.55875
-2.54076, 15.70583
-5.01155, 16.69934
-6.68997, 16.02189
-5.79671, 18.48896
-9.70984, 16.10111
-8.07869, 14.65252
-5.97638, 9.50162
-2.19485, 17.42392
-3.96600, 18.35866
-0.24446, 14.81767
-1.32241, 12.90283
0.20078, 11.86747
-5.92671, 11.23022
-3.79802, 12.39453
-2.83597, 13.96751
-14.54363, 9.22519
-12.43058, 8.44841
-11.44125, 6.92644
-13.37007, 2.47501
-15.67556, 4.31559
-12.20640, 3.78875
-12.74536, 5.64252
-14.04952, 7.46179
-9.71772, 6.96278
-9.50256, 9.98250
-8.51934, 12.06947
-10.20574, 11.53708
-9.74820, 13.85630
-12.35114, 12.08351
-12.61913, 10.28496
-15.70107, 11.56110
-0.68825, 6.84444
-2.28385, 8.08475
-1.73392, 10.93740
-3.79077, 10.36149
-7.73335, 10.00709
-7.81068, 7.02268
-6.20919, 7.72936
-3.56569, 4.83702
-14.75014, 5.86615
-16.02669, 8.23036
-18.34837, 5.28034
-17.42729, 3.70505
-18.19522, 2.03102
-16.24604, 1.88645
-1.46178, 5.21809
-3.78262, 7.16360
-12.02701, 1.28457
-9.58186, 0.32933
-11.25684, -0.35175
-14.88670, -4.49957
-12.56014, -2.73105
-14.40921, -2.71870
-13.07043, -0.58997
-14.72286, 1.11690
-7.43429, 1.51297
-5.04165, 1.97326
-5.64526, 3.64022
-8.09446, 3.14711
-5.61582, 6.02092
-7.52140, 5.23724
-11.01923, 5.14250
-9.82220, 2.70954
0.35023, 1.69846
-1.68101, 2.61876
-1.28186, 0.71231
-3.67489, 3.05813
-3.83568, 0.61267
-1.62797, -1.50119
-0.70008, -3.56301
2.18212, -2.75321
-14.93694, -0.75486
-17.17136, -0.13633
-18.07085, -1.73620
-16.61333, -2.86385
-18.52468, -5.59550
0.15582, -1.26647
3.36694, -0.42810
1.85987, 0.64137
-10.69350, -5.17295
-8.00033, -6.67096
-8.32183, -8.42545
-12.64240, -9.52203
-10.83600, -9.33399
-10.03943, -6.90949
-12.13921, -7.06856
-13.14431, -4.89801
-2.65998, -2.92431
-4.54160, -3.98912
-5.67153, -1.70736
-5.94054, 0.11973
-7.12330, -3.48287
-8.36024, -2.13296
-9.87284, -3.01345
-8.33553, -4.88890
-1.18651, -7.38486
-2.26682, -4.68547
-3.82506, -5.63173
-5.66835, -5.62575
-3.50668, -7.37348
-5.61282, -7.46987
-3.37795, -10.25212
-1.59024, -10.72780
-15.03499, -6.66567
-16.57764, -5.27616
-17.02071, -7.70141
-14.37755, -8.51660
-13.99192, -12.29642
0.26155, -11.24327
-0.68009, -9.26160
1.33758, -8.24928
-10.49361, -14.16000
-9.08117, -15.86385
-8.90113, -13.23086
-1.24856, -17.32197
-0.04884, -15.98084
-0.88955, -12.78409
-2.50979, -14.88246
-4.19250, -13.29494
-7.18932, -15.40902
-6.95070, -12.87185
-4.82234, -11.63609
-6.04701, -10.23642
-7.73652, -10.51947
-9.86424, -11.75213
-11.67458, -11.45229
-12.64372, -13.49632
3.41537, -13.01139
1.82006, -12.09928
0.44504, -13.97955
2.57912, -15.18379
1.63909, -16.74714
0.72723, -18.32732
2.86500, -18.76590
4.42094, -17.24296
-4.09746, -15.73250
-5.71167, -14.32522
-5.75568, -16.46194
-7.90012, -18.12651
-3.75525, -18.89416
6.87894, -16.48199
4.96881, -15.55552
5.19975, -13.50155
