-13.41765, 9.14478
-16.31164, 6.70130
-18.63029, 1.24513
-19.27178, -1.11929
-16.90495, 0.54142
-17.27761, -2.62472
-15.74328, -3.49880
-15.37104, -1.00985
-18.70607, 5.36462
-14.60286, 6.19002
-14.93978, 4.45183
-12.37262, 2.28230
-11.40387, 4.04732
-12.97967, 5.19384
-10.79381, 7.20997
-13.08709, 7.15037
-13.86045, -6.92210
-14.96640, -8.35015
-11.04211, -8.93494
-12.24425, -6.26627
-9.11784, -9.04648
-10.21604, -6.75214
-11.60864, -4.45324
-13.96337, -3.57097
-13.41798, -1.61563
-13.17503, 0.14467
-14.19759, 1.65512
-16.41158, 2.31922
-16.95687, 4.70749
-17.36604, -4.94382
-15.52467, -5.45706
-16.73487, -8.89759
-8.79337, 0.35413
-9.19010, 2.22161
-11.07573, 0.72231
-9.76081, 4.91431
-7.61693, 3.01509
-6.80137, 1.17370
-5.65958, 2.64231
-2.93474, 2.99978
-10.56694, -1.09131
-11.58772, -2.54807
-9.65378, -4.89283
-8.64588, -3.34205
-6.84944, -3.30445
-5.12751, -2.54955
-8.18784, -1.33841
-5.36965, -0.36285
-10.65466, -15.77981
-8.98857, -15.21905
-10.76546, -12.33968
-8.97978, -13.09065
-6.72448, -11.37600
-7.21508, -9.73361
-9.26320, -11.30451
-11.82051, -10.57379
-3.05548, 4.85393
-5.75945, 4.71563
-7.55946, 5.04003
-6.79527, 7.97830
-8.04837, 6.75362
-13.40229, -11.37746
-15.73797, -10.78441
-12.14230, -13.35220
-3.46640, -5.08217
-3.47795, -3.07016
-5.82685, -4.79490
-5.54381, -13.28145
-7.10301, -14.75635
-6.54983, -16.41562
-4.83324, -16.75372
-3.42414, -18.14484
-7.33657, -6.19905
-7.62690, -7.94610
-5.16470, -6.47630
-5.09324, -9.20779
-2.43880, -9.50743
-2.97776, -7.01577
-1.22695, -6.51651
-1.02995, -3.23575
1.05727, -11.74510
2.31002, -8.34642
3.98875, -10.04787
5.11194, -8.57444
3.81460, -7.37946
1.80287, -6.17440
1.43942, -3.42656
-0.18538, -4.90558
-3.31227, -14.81037
-2.24010, -13.35888
-2.41813, -11.41646
-3.88361, -12.46907
-4.03321, -10.66149
0.58224, -7.50592
-1.08655, -8.31848
-0.68315, -10.11977
3.66956, -11.83649
0.42941, -13.43493
-0.70876, -12.09714
5.83825, -12.91413
4.81805, -14.39169
7.56827, -14.53724
7.45698, -17.07451
9.02802, -16.21643
-1.04082, -14.60974
-2.19244, -16.26054
-1.35785, -19.38276
0.08009, -17.14311
3.25479, -18.86438
1.03742, -15.55648
3.42295, -16.76539
2.52017, -14.45349
11.32950, -9.10463
10.07479, -12.31370
12.71065, -11.93412
13.82299, -10.50627
14.28744, -13.08864
16.47536, -9.06031
14.33769, -8.62510
9.93564, -5.22312
10.63716, -13.97359
12.63826, -13.89403
7.64272, -12.69693
7.61500, -10.49970
5.77796, -10.36786
10.75958, -6.74353
9.50185, -8.81840
9.45840, -10.66175
17.20897, -0.68739
14.99130, -1.07509
13.37210, -0.25451
12.80838, 4.56398
15.72605, 4.12782
12.46048, 2.84380
13.85645, 1.51030
15.89713, 0.59041
11.89921, -1.15032
13.22749, -3.87074
13.42348, -6.16938
14.61548, -4.86303
15.38275, -7.09897
16.74562, -4.25983
16.07548, -2.56941
19.38182, -2.12785
4.02800, -5.57632
6.03047, -5.84916
6.98532, -8.59293
8.47599, -7.06315
11.70918, -4.77929
10.27937, -2.15854
9.24825, -3.57309
5.51068, -2.39652
15.70304, 2.32224
17.99313, 0.91705
18.52227, 4.63361
16.93536, 5.53454
16.76020, 7.36796
15.00136, 6.51550
3.88159, -3.78134
6.86516, -4.30058
11.04941, 4.92032
8.45492, 4.52049
9.56247, 5.94974
10.62266, 11.35865
9.49677, 8.66182
11.10269, 9.57846
11.01203, 7.06537
13.29764, 6.41738
7.19056, 2.41943
5.35141, 0.82127
6.70962, -0.31819
8.58124, 1.33673
7.87809, -2.39261
9.13368, -0.75894
12.11232, 1.07722
9.85656, 2.58178
0.54879, -1.64507
2.76767, -1.42258
1.46623, 0.02661
4.71302, -0.80275
3.62570, 1.39358
0.65558, 2.11520
-1.18121, 3.43364
-3.26863, 1.28759
12.54414, 8.14410
14.78746, 8.72957
14.76330, 10.56480
12.93680, 10.80943
13.22045, 14.13128
-0.76996, 1.01754
-3.12761, -1.31819
-1.28742, -1.48763
6.65721, 9.83829
3.57594, 9.78364
2.97419, 11.46278
6.16219, 14.57829
4.69368, 13.50968
5.22044, 11.01264
6.95729, 12.20332
8.91542, 10.82953
0.83471, 3.86398
1.92859, 5.72885
4.05047, 4.32146
5.19951, 2.87566
4.41604, 6.58562
6.16317, 6.03809
7.03023, 7.55843
4.75966, 8.41000
-2.67708, 6.98407
-0.38867, 5.19048
0.48488, 6.79061
2.08261, 7.70987
-0.66407, 8.13782
1.10972, 9.27745
-2.21911, 10.56372
-4.00431, 10.07869
9.66464, 13.30702
11.69612, 12.87854
10.86315, 15.19896
8.16759, 14.57865
5.93834, 17.65537
-5.86490, 9.59596
-4.05641, 8.35375
-5.29432, 6.46606
1.97717, 17.51320
-0.09930, 18.27893
1.06541, 15.91071
-7.60696, 15.61229
-7.97231, 13.85034
-5.64177, 11.50629
-5.29236, 14.13427
-3.04041, 13.60472
-1.50794, 16.93665
-0.44196, 14.62195
-1.66357, 12.48544
0.09790, 11.88869
1.41764, 12.98088
2.64024, 15.11439
4.35683, 15.76290
4.17018, 18.01733
-9.48016, 9.54397
-7.64255, 9.55493
-7.39592, 11.87123
-9.84616, 11.84282
-9.81693, 13.66679
-9.82051, 15.49119
-11.88996, 14.79852
-12.47232, 12.70062
-4.34509, 15.66591
-2.24279, 15.25795
-3.27631, 17.12861
-2.25584, 19.64417
-6.22677, 18.22961
-14.21722, 10.80955
-12.10003, 10.96597
-11.26974, 9.07316
