-16.16351, 1.54962
-17.52237, -1.98579
-16.92570, -7.88410
-16.34877, -10.26509
-15.07476, -7.66957
-13.87602, -10.62362
-12.11038, -10.65040
-12.98325, -8.28999
-18.97668, -4.31066
-15.77865, -1.61063
-15.23651, -3.29613
-11.94172, -3.96057
-11.94310, -1.94717
-13.87633, -1.70161
-12.93212, 1.11819
-14.91302, -0.03883
-8.81126, -12.74320
-9.09244, -14.52741
-5.37184, -13.14932
-7.71092, -11.38989
-3.63185, -12.32005
-5.69952, -10.83856
-8.02736, -9.49491
-10.51586, -9.85617
-10.97993, -7.87995
-11.61507, -6.22034
-13.23881, -5.38935
-15.49887, -5.87399
-17.12727, -4.04383
-12.83628, -12.69846
-10.97541, -12.26113
-10.37843, -15.85910
-7.87630, -3.92592
-9.12361, -2.48055
-10.05371, -4.70281
-10.92095, -0.39586
-8.12730, -1.02734
-6.52552, -2.24807
-6.23247, -0.41105
-4.01689, 1.21491
-8.73414, -6.04698
-8.92685, -7.81531
-6.10253, -8.93836
-5.96640, -7.09385
-4.41028, -6.19545
-3.26502, -4.70438
-6.53027, -5.11738
-4.53065, -2.90481
-1.73477, -18.96088
-0.54492, -17.66683
-3.48916, -15.99964
-1.56257, -15.79747
-0.41228, -13.20841
-1.63342, -12.00551
-2.67141, -14.36880
-5.26443, -14.96045
-5.01594, 2.78154
-7.31882, 1.35770
-9.05245, 0.77481
-9.79832, 3.71779
-10.30642, 2.04092
-6.26338, -16.42675
-8.59586, -17.03227
-4.20791, -17.55022
-0.58928, -6.12350
-1.56869, -4.36592
-2.79615, -7.00891
1.54031, -14.30937
0.88451, -16.35298
2.16863, -17.54052
3.83576, -17.00983
5.74075, -17.55003
-3.44267, -8.96669
-2.85544, -10.63751
-1.40588, -8.16334
-0.02735, -10.52254
2.44310, -9.50633
0.77044, -7.58252
2.06417, -6.30155
0.65628, -3.33169
6.58474, -9.78296
6.04521, -6.20117
8.33596, -6.88343
8.61040, -5.05114
6.89784, -4.62897
4.55441, -4.54213
2.91213, -2.30927
2.20083, -4.38810
4.23239, -14.57412
4.47267, -12.78565
3.38090, -11.16926
2.60378, -12.79768
1.60188, -11.28575
4.12623, -6.29699
3.05531, -7.81299
4.27659, -9.19713
8.91793, -8.60457
6.84862, -11.56625
5.20675, -10.94226
11.33753, -8.50414
11.15534, -10.29042
13.63550, -9.09304
14.76031, -11.37008
15.72364, -9.86128
6.12622, -13.30403
5.91233, -15.30543
8.14782, -17.63939
8.32894, -14.98404
11.94018, -14.96298
8.40349, -13.13246
11.07634, -13.04260
9.17146, -11.45158
14.31431, -2.52042
14.76077, -5.93701
16.88773, -4.33454
17.17462, -2.54744
18.82568, -4.58663
18.80230, -0.00254
16.71938, -0.65100
11.22292, 0.20947
16.05324, -7.12066
17.76849, -6.08690
12.81416, -7.44450
11.73134, -5.53240
10.05801, -6.30187
12.67741, -0.72593
12.57483, -3.15007
13.42479, -4.78634
15.41149, 7.68812
13.65490, 6.28001
11.84067, 6.21903
9.02535, 10.16993
11.79225, 11.19332
9.54919, 8.49492
11.41491, 7.99888
13.64633, 8.17588
10.98152, 4.72446
13.45608, 2.98044
14.73521, 1.06054
15.15043, 2.77955
16.89996, 1.18982
16.72648, 4.33434
15.32487, 5.49283
18.00951, 7.47262
6.21618, -2.94606
8.10240, -2.22046
10.26096, -4.16484
10.83026, -2.10614
12.56327, 1.45282
10.04777, 3.06058
9.82565, 1.32426
5.98358, 0.55470
12.64193, 9.60000
15.32571, 9.47187
13.99893, 12.98363
12.17429, 13.00863
11.13753, 14.53088
10.00692, 12.93654
5.22314, -1.44364
8.08780, -0.46131
7.31229, 9.63481
5.23134, 8.03452
5.51334, 9.82055
3.83664, 15.07117
4.14922, 12.16552
5.11490, 13.74243
6.24614, 11.49652
8.56121, 12.02978
5.13556, 5.58424
4.29382, 3.29775
6.03297, 2.95355
6.87582, 5.30543
8.05627, 1.69863
8.36953, 3.73512
10.09515, 6.77914
7.39359, 7.01086
1.27343, -1.17720
3.11066, 0.08672
1.27205, 0.72968
4.51678, 1.56706
2.50587, 2.96790
-0.44452, 2.16939
-2.68927, 2.43987
-3.48462, -0.44635
7.06907, 13.17992
8.75285, 14.77369
7.84755, 16.37028
6.12912, 15.70472
4.77737, 18.75234
-1.16492, 0.52075
-2.10571, -2.66187
-0.41150, -1.92384
1.09412, 11.82849
-1.57969, 10.29619
-2.91594, 11.47774
-1.62318, 15.74371
-2.39523, 14.09983
-0.73067, 12.16542
0.21773, 14.04555
2.59547, 13.78503
-1.13002, 3.78816
-1.06986, 5.94934
1.46758, 5.73826
3.17101, 5.02484
0.69716, 7.89846
2.49196, 8.26035
2.51933, 10.01034
0.11938, 9.66272
-5.71055, 4.83049
-2.84112, 4.36121
-2.84650, 6.18425
-1.88925, 7.75951
-4.50235, 6.81130
-3.49699, 8.66451
-7.03373, 8.18799
-8.36445, 6.90294
2.05848, 16.31701
4.04510, 16.92020
2.19730, 18.55231
0.13400, 16.71013
-3.30173, 18.33234
-9.76234, 5.58357
-7.57911, 5.36626
-7.75449, 3.11570
-6.70444, 16.29944
-8.89296, 15.97011
-6.73142, 14.45593
-14.18731, 10.01647
-13.65864, 8.29645
-10.48712, 7.36510
-11.44697, 9.83634
-9.21845, 10.45718
-9.48071, 14.11525
-7.43147, 12.60040
-7.47270, 10.13964
-5.64163, 10.46530
-5.01130, 12.05818
-4.96775, 14.51679
-3.77591, 15.91205
-5.02555, 17.79770
-12.90537, 3.79634
-11.30034, 4.69122
-12.20011, 6.83983
-14.33358, 5.63452
-15.18667, 7.24695
-16.06872, 8.84397
-17.54849, 7.24001
-17.04815, 5.12106
-11.35474, 11.63488
-9.31594, 12.29017
-11.12282, 13.43154
-11.44045, 16.12756
-14.23874, 12.97496
-17.66619, 2.62328
-15.88623, 3.78032
-14.24677, 2.52163
