-5.83923, -15.15136
-2.79947, -17.41091
3.04201, -18.42239
5.49045, -18.50701
3.33314, -16.58194
6.50073, -16.22176
7.00135, -14.52837
4.49316, -14.73432
-0.95134, -19.43685
-2.69190, -15.63053
-0.92270, -15.56163
0.60330, -12.56689
-1.33630, -12.02678
-2.09269, -13.82275
-4.55470, -12.15503
-3.97300, -14.37410
9.90425, -11.91358
11.54712, -12.66421
11.22034, -8.71006
8.89669, -10.48984
10.88953, -6.81117
8.90659, -8.40427
6.98643, -10.28503
6.66517, -12.77901
4.63695, -12.69453
2.86768, -12.85997
1.63064, -14.20042
1.48965, -16.50757
-0.71100, -17.58381
8.77875, -15.77829
8.85795, -13.86836
12.48393, -14.26094
1.66320, -8.64191
-0.06435, -9.45459
1.82592, -10.94803
-2.55558, -10.62511
-1.19610, -8.10418
0.41041, -6.88969
-1.28012, -6.11342
-2.25037, -3.54221
3.47545, -10.03855
5.12681, -10.69970
6.96800, -8.28143
5.22805, -7.65429
4.78121, -5.91389
3.65306, -4.40985
3.17275, -7.66588
1.57943, -5.14492
17.79589, -6.76982
16.86949, -5.27580
14.47195, -7.66325
14.79533, -5.75326
12.61098, -3.94909
11.12400, -4.80177
13.12109, -6.43706
12.99364, -9.09366
-4.02796, -4.08315
-3.27586, -6.68410
-3.18065, -8.51062
-6.21579, -8.43758
-4.73733, -9.37792
14.13728, -10.45013
14.09325, -12.85952
15.77212, -8.77250
5.73945, -2.21430
3.78323, -2.68498
5.99878, -4.57798
14.19647, -2.36450
15.98844, -3.54571
17.47756, -2.62826
17.41474, -0.87982
18.44733, 0.80972
7.71058, -5.72717
9.47777, -5.61089
7.48456, -3.54938
10.12756, -2.85606
9.81314, -0.20333
7.51038, -1.29703
6.62451, 0.29352
3.38544, -0.26385
11.19335, 3.71134
7.59841, 4.15490
8.87156, 6.17780
7.18058, 6.93486
6.31342, 5.39892
5.59958, 3.16517
3.00733, 2.18385
4.81830, 0.93971
15.17542, 0.15720
13.51745, 0.86960
11.66701, 0.25272
13.02645, -0.93368
11.30079, -1.49209
7.17465, 2.28084
8.34681, 0.84169
10.00840, 1.64576
10.68580, 6.27548
12.98191, 3.48594
11.93937, 2.07236
11.23976, 8.63295
12.91124, 7.97710
12.42493, 10.68790
14.92058, 11.15893
13.72641, 12.49253
14.46141, 2.32282
16.33156, 1.57860
19.18071, 3.10410
16.67188, 3.99261
17.62273, 7.47649
14.90856, 4.56235
15.54079, 7.16090
13.49613, 5.75405
6.27697, 13.10921
9.68777, 12.62044
8.71631, 15.09999
7.07219, 15.85689
9.48027, 16.89876
5.05876, 18.10899
5.12319, 15.92842
2.81631, 10.86583
11.17538, 13.54700
10.64098, 15.47706
10.61625, 10.34014
8.48339, 9.81142
8.77453, 7.99281
4.10840, 12.01519
6.41565, 11.26449
8.22022, 11.64312
-3.26045, 16.91126
-2.37659, 14.84071
-2.80574, 13.07691
-7.36820, 11.42778
-7.60981, 14.36796
-5.61403, 11.48187
-4.63453, 13.14547
-4.20493, 15.34229
-1.59727, 11.84749
0.74796, 13.76189
2.94111, 14.47760
1.39709, 15.33980
3.39874, 16.59738
0.32341, 17.27591
-1.16932, 16.23747
-2.35423, 19.35563
4.50919, 5.19493
4.31756, 7.20680
6.77079, 8.76297
4.94103, 9.86492
1.97921, 12.49116
-0.24579, 10.50069
1.36683, 9.81982
1.07484, 5.91233
-5.84669, 14.75787
-5.00157, 17.30832
-8.74076, 16.97480
-9.25552, 15.22410
-11.00050, 14.63490
-9.76893, 13.11719
2.79507, 4.64251
2.61929, 7.66581
-7.31347, 9.63391
-6.33174, 7.19928
-7.97614, 7.95119
-13.48424, 7.74824
-10.60156, 7.26792
-11.86070, 8.62210
-9.39330, 9.10769
-9.28436, 11.48089
-3.99748, 6.44810
-2.02157, 5.02248
-1.22237, 6.60500
-3.26095, 8.04927
0.53043, 8.21629
-1.34679, 9.06566
-3.81462, 11.54632
-4.76432, 9.00658
1.47629, 0.90995
0.75299, 3.01939
-0.36072, 1.42142
-0.29468, 4.77181
-2.18469, 3.21168
-2.20902, 0.15525
-3.07319, -1.93408
-0.50717, -3.47629
-10.79339, 10.35300
-11.87565, 12.40336
-13.65688, 11.96076
-13.47796, 10.12665
-16.77682, 9.64426
-0.81483, -0.98197
1.99755, -2.74397
1.74231, -0.91370
-11.09853, 4.23474
-10.34172, 1.24735
-11.83908, 0.27807
-15.60026, 2.67041
-14.22455, 1.48472
-11.91377, 2.56776
-13.46960, 3.98683
-12.57925, 6.20693
-3.95250, -0.06968
-6.01788, 0.56945
-5.13221, 2.95665
-3.98699, 4.40548
-7.42002, 2.79553
-7.28592, 4.62153
-8.96409, 5.11851
-9.27467, 2.71348
-6.18823, -4.20117
-4.96459, -1.56365
-6.72192, -1.07857
-7.98173, 0.26703
-7.77116, -2.50480
-9.28574, -1.03812
-9.77787, -4.57272
-8.89802, -6.19999
-15.16236, 6.37062
-15.20909, 8.44627
-17.27800, 7.10544
-16.05854, 4.62275
-18.54492, 1.74983
-8.00317, -7.90119
-7.20675, -5.85682
-5.08626, -6.63097
-17.50197, -2.07423
-17.77331, -4.27069
-15.73362, -2.59596
-13.46274, -10.97106
-11.66391, -10.92441
-9.91398, -8.12018
-12.55231, -8.38010
-12.55099, -6.06672
-16.14483, -5.33560
-14.13470, -3.76922
-11.77568, -4.47068
-11.59693, -2.61948
-12.96163, -1.58401
-15.31795, -0.88090
-16.34131, 0.64225
-18.49355, -0.05427
-7.12701, -11.40906
-7.55730, -9.62250
-9.86871, -9.91132
-9.28154, -12.29033
-11.06399, -12.67838
-12.83938, -13.09847
-11.69244, -14.95506
-9.51700, -15.04298
-14.25980, -7.80761
-14.34267, -5.66770
-15.92791, -7.10108
-18.61002, -6.68200
-16.32608, -10.22499
-7.27744, -16.30996
-7.91318, -14.28442
-6.25998, -13.04384
