11.82190, -11.13117
15.06250, -9.17050
18.20614, -4.14422
19.20961, -1.90926
16.61213, -3.17927
17.47550, -0.11040
16.09679, 0.99293
15.33978, -1.40714
17.63655, -8.22485
13.45474, -8.39820
14.05943, -6.73412
11.86327, -4.18970
10.63033, -5.78144
12.00738, -7.16036
9.53303, -8.80973
11.80740, -9.10961
14.77266, 4.66862
16.08839, 5.90608
12.30389, 7.09757
13.07377, 4.27370
10.42077, 7.50876
11.14654, 5.07087
12.16236, 2.58242
14.35008, 1.34265
13.50552, -0.50329
12.99019, -2.20392
13.76388, -3.85574
15.84672, -4.85801
16.01169, -7.30217
17.92562, 2.16630
16.18721, 2.96129
17.92072, 6.17014
8.62972, -1.72535
8.72941, -3.63191
10.82637, -2.44604
8.87187, -6.38074
7.05149, -4.16952
6.53403, -2.22322
5.17655, -3.49513
2.42934, -3.42195
10.60756, -0.57516
11.84366, 0.70398
10.30033, 3.32240
9.06225, 1.94839
7.28204, 2.19228
5.46322, 1.71604
8.29641, 0.04107
5.36030, -0.48162
12.99199, 13.91878
11.25869, 13.62555
12.56327, 10.50366
10.91705, 11.52474
8.42129, 10.18401
8.64892, 8.48508
10.91757, 9.71625
13.32908, 8.59447
2.25854, -5.27215
4.95086, -5.55855
6.67795, -6.16053
5.46353, -8.94308
6.89278, -7.92952
15.01711, 9.14080
17.23126, 8.18967
14.08155, 11.28834
4.21875, 4.47734
3.91541, 2.48829
6.50520, 3.82434
7.55323, 12.25069
9.32396, 13.46352
9.03716, 15.18890
7.39460, 15.79136
6.22046, 17.38579
8.21599, 4.97504
8.77604, 6.65516
6.11424, 5.58863
6.47095, 8.29767
3.89606, 9.00887
4.03861, 6.46357
2.23125, 6.24434
1.52345, 3.03479
0.79308, 11.76589
-0.97591, 8.60503
-2.36780, 10.54814
-3.70767, 9.26856
-2.61323, 7.88534
-0.81478, 6.38042
-0.88567, 3.60955
0.95050, 4.81618
5.58834, 14.10988
4.30231, 12.84398
4.17429, 10.89762
5.78639, 11.70803
5.65138, 9.89929
0.59911, 7.50459
2.37447, 8.04609
2.25782, 9.88832
-1.77275, 12.26480
1.67756, 13.33670
2.59244, 11.83733
-3.74616, 13.66844
-2.50737, 14.96821
-5.20097, 15.54220
-4.69413, 18.03082
-6.38007, 17.42907
3.31348, 14.26705
4.70915, 15.71737
4.37326, 18.93171
2.60267, 16.94458
-0.26368, 19.14129
1.40892, 15.52724
-0.75812, 17.09445
-0.22812, 14.66978
-9.76574, 10.76486
-8.02446, 13.73814
-10.68725, 13.77557
-12.00927, 12.53931
-12.06403, 15.16255
-14.85518, 11.52607
-12.81191, 10.76182
-8.99623, 6.71310
-8.32025, 15.46557
-10.30916, 15.70003
-5.56238, 13.73620
-5.87873, 11.56168
-4.08493, 11.14408
-9.57219, 8.34368
-8.00536, 10.19625
-7.67409, 12.01010
-16.88957, 3.37101
-14.63855, 3.40701
-13.16765, 2.34324
-13.36465, -2.50412
-16.17817, -1.61690
-12.75194, -0.85954
-13.92212, 0.67592
-15.79377, 1.90372
-11.57276, 2.99760
-12.45912, 5.89232
-12.29311, 8.19332
-13.67479, 7.08953
-14.08284, 9.41796
-15.87306, 6.82698
-15.47562, 5.05254
-18.81033, 5.13363
-3.10608, 6.13778
-5.04121, 6.72052
-5.55509, 9.57988
-7.26672, 8.30212
-10.81737, 6.55217
-9.81515, 3.74002
-8.57543, 4.97584
-5.06794, 3.22908
-15.87299, 0.16284
-17.91507, 1.90899
-19.01908, -1.67904
-17.59266, -2.81713
-17.70646, -4.65537
-15.83592, -4.08856
-3.24227, 4.34200
-6.10788, 5.32158
-11.68308, -3.13124
-9.05799, -3.14219
-10.37548, -4.38059
-12.26877, -9.55705
-10.73486, -7.06956
-12.46440, -7.72369
-11.98172, -5.25572
-14.13782, -4.25816
-7.48051, -1.26479
-5.41400, 0.02598
-6.57724, 1.36388
-8.68470, 0.02213
-7.40681, 3.59556
-8.90251, 2.17842
-12.13172, 0.83082
-10.13909, -1.00809
-0.28469, 1.71067
-2.51105, 1.83802
-1.45234, 0.20309
-4.52942, 1.53015
-3.79907, -0.80924
-0.97840, -1.98660
0.62953, -3.57615
3.02697, -1.78306
-13.66372, -6.08150
-15.97101, -6.30882
-16.23424, -8.12524
-14.46849, -8.65258
-15.26830, -11.88917
0.60130, -1.12546
3.29531, 0.81269
1.50428, 1.26792
-8.11429, -8.67574
-5.06241, -9.10379
-4.73074, -10.85639
-8.36687, -13.43483
-6.74928, -12.60910
-6.87892, -10.06040
-8.78066, -10.96472
-10.49977, -9.30152
-1.42890, -3.68583
-2.80104, -5.35662
-4.67663, -3.63462
-5.58535, -2.02687
-5.39189, -5.81372
-7.03186, -4.99961
-8.12607, -6.36560
-6.01668, -7.56188
1.55157, -7.31687
-0.42809, -5.18738
-1.54120, -6.63116
-3.26306, -7.28915
-0.61714, -8.14151
-2.54737, -8.98963
0.53926, -10.78080
2.37835, -10.58102
-11.62733, -11.63131
-13.56677, -10.89031
-13.10705, -13.31246
-10.34764, -13.12147
-8.62714, -16.50904
4.29155, -10.39529
2.69966, -8.88547
4.21762, -7.21467
-4.69249, -16.98829
-2.76138, -18.06942
-3.54128, -15.54816
5.07100, -16.61007
5.70749, -14.92696
3.77233, -12.24720
3.01612, -14.78816
0.87473, -13.91285
-1.16010, -16.96403
-1.85086, -14.51107
-0.31006, -12.59196
-1.95650, -11.72700
-3.43084, -12.59930
-4.97215, -14.51528
-6.76905, -14.88727
-6.93737, -17.14314
7.87044, -10.90949
6.05374, -10.63285
5.44780, -12.88205
7.87231, -13.23729
7.55812, -15.03423
7.27625, -16.83674
9.42857, -16.47632
10.33194, -14.49536
1.84091, -16.15276
-0.17169, -15.42095
0.55646, -17.43026
-0.84496, -19.75520
3.29836, -18.97925
12.35120, -12.90053
10.23560, -12.72382
9.71164, -10.72443
