-16.13248, -1.84482
-16.72660, -5.58551
-14.91663, -11.23086
-13.85727, -13.43988
-13.15074, -10.63619
-11.36402, -13.27645
-9.63140, -12.93556
-10.97595, -10.80821
-17.66576, -8.16194
-15.09898, -4.85600
-14.21826, -6.39195
-10.85731, -6.35684
-11.27727, -4.38773
-13.21931, -4.54948
-12.88201, -1.59499
-14.57906, -3.13858
-5.96926, -14.29670
-5.87333, -16.10037
-2.52055, -13.97884
-5.17433, -12.74418
-0.99100, -12.80593
-3.32151, -11.78671
-5.87784, -10.95641
-8.23686, -11.82716
-9.10166, -9.99061
-10.06797, -8.49932
-11.82900, -8.02408
-13.93892, -8.96803
-15.91224, -7.51642
-9.91562, -15.08978
-8.18634, -14.27511
-6.85434, -17.67034
-6.88794, -5.47770
-8.40851, -4.32325
-8.85624, -6.69032
-10.60000, -2.65781
-7.73610, -2.69465
-5.91552, -3.55567
-6.01081, -1.69787
-4.18171, 0.35320
-7.28604, -7.73077
-7.10689, -9.50053
-4.11079, -10.01182
-4.36112, -8.17932
-3.02580, -6.97701
-2.21558, -5.28042
-5.32361, -6.36327
-3.82770, -3.78331
2.24533, -18.90721
3.14013, -17.39406
-0.08640, -16.37545
1.75606, -15.77713
2.34292, -13.00550
0.89836, -12.08277
0.37440, -14.61022
-2.03894, -15.72807
-5.48464, 1.67789
-7.44117, -0.19364
-9.01573, -1.12423
-10.35717, 1.59936
-10.50553, -0.14651
-2.71120, -17.37001
-4.86681, -18.44726
-0.46706, -18.04157
0.69675, -6.11220
-0.62668, -4.59666
-1.27782, -7.43710
4.48174, -13.67643
4.26516, -15.81173
5.76812, -16.70634
7.28848, -15.84062
9.26415, -15.97295
-1.50316, -9.48652
-0.58138, -10.99873
0.32209, -8.27725
2.16101, -10.29828
4.36619, -8.79064
2.33010, -7.25664
3.32923, -5.73468
1.33464, -3.12243
8.47484, -8.20014
7.20240, -4.80879
9.58495, -4.99986
9.47243, -3.15056
7.70952, -3.09368
5.39925, -3.49596
3.32862, -1.65334
3.06507, -3.83463
7.17003, -13.37568
7.03322, -11.57633
5.62924, -10.22226
5.20767, -11.97666
3.91332, -10.70608
5.34528, -5.30149
4.61295, -7.00702
6.09533, -8.10700
10.51204, -6.56239
9.10372, -9.88959
7.36800, -9.62060
12.85789, -5.96110
13.05106, -7.74623
15.22808, -6.05936
16.80173, -8.05278
17.43032, -6.37666
8.75841, -11.73960
8.96531, -13.74173
11.63721, -15.55990
11.26229, -12.92492
14.79024, -12.15350
10.95025, -11.09830
13.54601, -10.45469
11.35196, -9.29449
14.52553, 0.51077
15.67259, -2.73834
17.41990, -0.72867
17.32895, 1.07903
19.36791, -0.57233
18.39196, 3.90673
16.48938, 2.83938
10.93412, 2.53827
17.18291, -3.62740
18.64574, -2.25961
14.08194, -4.61761
12.62523, -2.97242
11.14846, -4.07298
12.55131, 1.92571
12.95498, -0.46678
14.12657, -1.89058
13.47627, 10.72434
12.05083, 8.98179
10.28892, 8.54494
6.71368, 11.82417
9.20734, 13.40046
7.57432, 10.29468
9.50241, 10.19738
11.64827, 10.83445
9.75928, 6.90440
12.54236, 5.71298
14.19271, 4.10099
14.24145, 5.86876
16.28328, 4.67752
15.45981, 7.71726
13.84796, 8.55902
16.06232, 11.05371
6.69286, -1.58927
8.38700, -0.48735
10.90265, -1.94045
11.03149, 0.19162
11.98668, 4.03312
9.19187, 5.08275
9.33561, 3.33819
5.73750, 1.78663
10.36972, 12.01862
13.02149, 12.45129
10.99357, 15.61045
9.20360, 15.25554
7.87301, 16.52897
7.09859, 14.73440
5.40915, -0.32614
8.00698, 1.23032
5.14931, 10.94457
3.44655, 8.94661
3.35106, 10.75223
0.61933, 15.53951
1.52920, 12.76234
2.14592, 14.50558
3.71939, 12.54394
5.87300, 13.54688
3.86231, 6.52995
3.51435, 4.11842
5.28706, 4.14334
5.62251, 6.61906
7.52706, 3.33651
7.41006, 5.39362
8.46509, 8.72990
5.77438, 8.39487
1.49036, -0.88672
3.02465, 0.73157
1.09254, 0.97821
4.09227, 2.47191
1.83405, 3.42404
-0.88584, 2.02957
-3.13779, 1.82742
-3.31567, -1.16109
4.17433, 14.36165
5.48996, 16.27067
4.27249, 17.64414
2.72999, 16.63585
0.77414, 19.33582
-1.24774, 0.26717
-1.50626, -3.04150
-0.00252, -1.96735
-1.38907, 11.79749
-3.68587, 9.74276
-5.23857, 10.62066
-4.86101, 15.06220
-5.27441, 13.29371
-3.24404, 11.74766
-2.70727, 13.78389
-0.32731, 14.02342
-1.89293, 3.47044
-2.28342, 5.59689
0.24246, 5.91799
2.05699, 5.57433
-0.96026, 7.87081
0.72008, 8.59794
0.38301, 10.31539
-1.89223, 9.47639
-6.59007, 3.53765
-3.68579, 3.67520
-4.07007, 5.45729
-3.46126, 7.19715
-5.82012, 5.72637
-5.22203, 7.74810
-8.58241, 6.54666
-9.61687, 5.01302
-1.37900, 16.38842
0.43880, 17.39148
-1.70796, 18.60374
-3.34316, 16.37284
-7.04109, 17.24526
-10.70990, 3.43185
-8.52920, 3.67321
-8.23283, 1.43536
-9.94678, 14.54933
-12.01900, 13.77218
-9.58988, 12.74049
-15.95982, 6.84788
-15.08509, 5.27536
-11.78924, 5.02376
-13.24191, 7.24143
-11.19118, 8.31204
-12.20826, 11.83564
-9.88885, 10.77996
-9.41756, 8.36440
-7.69420, 9.06365
-7.40883, 10.75278
-7.87740, 13.16671
-7.00170, 14.77928
-8.61608, 16.36391
-13.41267, 1.03021
-12.02876, 2.23924
-13.35558, 4.15381
-15.19184, 2.53127
-16.36153, 3.93110
-17.55634, 5.30983
-18.67029, 3.43326
-17.74033, 1.46464
-13.52564, 9.01985
-11.66764, 10.08471
-13.67233, 10.82547
-14.54356, 13.39653
-16.62523, 9.73103
-17.82555, -1.10705
-16.32505, 0.39478
-14.45972, -0.49555
