-16.06657, -2.35064
-16.54290, -6.10814
-14.55650, -11.69386
-13.42828, -13.86851
-12.81016, -11.04402
-10.94139, -13.62685
-9.22033, -13.23170
-10.63104, -11.14764
-17.40067, -8.71280
-14.93900, -5.32787
-14.01046, -6.83540
-10.65228, -6.69474
-11.13389, -4.73979
-13.06988, -4.96246
-12.82555, -1.99883
-14.47328, -3.59497
-5.51724, -14.47714
-5.36471, -16.27691
-2.08022, -14.05112
-4.77147, -12.90042
-0.58827, -12.83074
-2.94964, -11.88523
-5.53079, -11.13563
-7.86129, -12.08005
-8.78335, -10.27157
-9.79603, -8.81137
-11.57112, -8.39168
-13.65034, -9.40143
-15.66829, -8.01253
-9.43674, -15.39379
-7.73391, -14.52520
-6.29592, -17.87692
-6.71248, -5.69135
-8.26856, -4.58523
-8.64173, -6.96520
-10.51128, -2.98945
-7.64764, -2.93631
-5.80092, -3.73973
-5.95451, -1.88584
-4.19074, 0.22167
-7.03961, -7.95582
-6.80496, -9.71907
-3.79428, -10.13600
-4.10205, -8.31227
-2.80515, -7.06861
-2.04862, -5.34740
-5.12111, -6.52735
-3.70698, -3.90168
2.83811, -18.82736
3.68494, -17.28684
0.42801, -16.37008
2.25076, -15.71419
2.75027, -12.92549
1.27744, -12.04859
0.83314, -14.59125
-1.54390, -15.78435
-5.53464, 1.50478
-7.43141, -0.42727
-8.97597, -1.40687
-10.40230, 1.27324
-10.49574, -0.47642
-2.16426, -17.44660
-4.28497, -18.59102
0.09987, -18.04734
0.88839, -6.08730
-0.48199, -4.61407
-1.04358, -7.47357
4.90911, -13.52890
4.75971, -15.66996
6.29003, -16.51691
7.78245, -15.60387
9.76131, -15.67408
-1.20444, -9.52905
-0.23561, -11.01157
0.58193, -8.26305
2.48342, -10.22532
4.64016, -8.64916
2.55689, -7.17986
3.50771, -5.62728
1.43206, -3.07897
8.72823, -7.92989
7.34989, -4.58018
9.73727, -4.69632
9.56672, -2.85147
7.80289, -2.84999
5.50639, -3.32464
3.37891, -1.54797
3.18401, -3.73646
7.58663, -13.14387
7.39337, -11.34970
5.94755, -10.04040
5.58130, -11.80717
4.24767, -10.57787
5.50916, -5.13098
4.83077, -6.85867
6.34697, -7.91154
10.71299, -6.22896
9.40987, -9.59876
7.66655, -9.38441
13.03878, -5.55428
13.28794, -7.33246
15.41089, -5.57804
17.04638, -7.52105
17.62201, -5.82601
9.12284, -11.45870
9.39252, -13.45334
12.12022, -15.18669
11.66271, -12.56479
15.16469, -11.68293
11.29345, -10.74887
13.86771, -10.02404
11.63831, -8.93333
14.50232, 0.96678
15.75087, -2.24470
17.43419, -0.18113
17.28651, 1.62282
19.37633, 0.03632
18.26017, 4.48251
16.39205, 3.35593
10.84900, 2.88047
17.28837, -3.08588
18.70752, -1.67282
14.22003, -4.17300
12.71237, -2.57439
11.27089, -3.72079
12.48463, 2.31901
12.96325, -0.05962
14.17898, -1.44592
13.13276, 11.14235
11.76275, 9.35588
10.01544, 8.86391
6.33896, 12.02921
8.78188, 13.68306
7.24722, 10.52751
9.17741, 10.49083
11.30220, 11.19498
9.53759, 7.20754
12.35673, 6.10413
14.05689, 4.54477
14.05008, 6.31320
16.12832, 5.18668
15.20978, 8.19906
13.57229, 8.98977
15.70719, 11.55279
6.73947, -1.37825
8.39817, -0.22367
10.95822, -1.59703
11.02002, 0.53803
11.85408, 4.40764
9.02768, 5.36897
9.22614, 3.62978
5.67855, 1.96597
9.98709, 12.33841
12.62396, 12.85416
10.49781, 15.94806
8.71987, 15.53710
7.34994, 16.76811
6.63227, 14.95010
5.41672, -0.15608
7.96438, 1.48122
4.80299, 11.10092
3.16383, 9.05045
3.01167, 10.85219
0.13092, 15.55130
1.12757, 12.80408
1.68923, 14.56582
3.32354, 12.65458
5.44458, 13.72467
3.65529, 6.64805
3.38325, 4.22677
5.15430, 4.30736
5.41182, 6.79240
7.41854, 3.57129
7.23699, 5.62371
8.18670, 8.99148
5.50784, 8.57211
1.51747, -0.83947
3.00018, 0.82621
1.06128, 1.01205
4.01261, 2.59923
1.72559, 3.47996
-0.94916, 2.00074
-3.19364, 1.72796
-3.27757, -1.26467
3.72116, 14.48568
4.97617, 16.43509
3.71616, 17.76964
2.20610, 16.71339
0.16641, 19.35060
-1.25551, 0.22784
-1.40998, -3.08732
0.05928, -1.96646
-1.75895, 11.74804
-3.99008, 9.62218
-5.56959, 10.45087
-5.33173, 14.90208
-5.68937, 13.12148
-3.61144, 11.63996
-3.13889, 13.69205
-0.76764, 14.00622
-2.00101, 3.40927
-2.45809, 5.52241
0.05645, 5.92268
1.88088, 5.63619
-1.20701, 7.83676
0.44966, 8.61632
0.05881, 10.32233
-2.18895, 9.41228
-6.69794, 3.32890
-3.79941, 3.55762
-4.23948, 5.32676
-3.68562, 7.08488
-5.99711, 5.54073
-5.46282, 7.58025
-8.78381, 6.27385
-9.76958, 4.70848
-1.89309, 16.33702
-0.10770, 17.39668
-2.29148, 18.54091
-3.85580, 16.25975
-7.57930, 17.01559
-10.81241, 3.09375
-8.64037, 3.40349
-8.27385, 1.17606
-10.39888, 14.22971
-12.44567, 13.38786
-9.98533, 12.43298
-16.16705, 6.34319
-15.24335, 4.79893
-11.94122, 4.65097
-13.46284, 6.82192
-11.44674, 7.95642
-12.57400, 11.44633
-10.22257, 10.46402
-9.67564, 8.06446
-7.97510, 8.81750
-7.74293, 10.51475
-8.28709, 12.91277
-7.46247, 14.55206
-9.12584, 16.08520
-13.43841, 0.60840
-12.09316, 1.86030
-13.47947, 3.73226
-15.26385, 2.05284
-16.47694, 3.41523
-17.71446, 4.75575
-18.76892, 2.84512
-17.77758, 0.90668
-13.80229, 8.59054
-11.97865, 9.71324
-14.00562, 10.39067
-14.95718, 12.93309
-16.92269, 9.20401
-17.78198, -1.66642
-16.32940, -0.11820
-14.43702, -0.94949
