-159.55304655896555, 124.04723371550051, -17.965578135295438
56.07608804432164, -183.43899831682714, -19.76525145956814
-201.9930012730366, 126.13446715687002, -17.966827464449125
317.02729655474616, -72.89148346460772, -20.470699479204413
248.10499541488915, -116.93304565304135, -20.66828683046988
-117.006304026309, 277.9383101993882, -17.66949740676548
274.5861881184642, 191.95174632357245, -19.671192114263846
264.2829990324454, -48.832484191216565, -20.368055362351512
222.28476967284428, -264.36507786413927, -20.871733951251386
109.26165792080334, 276.7503215692889, -18.669307780199553
-42.100554817677136, -247.85696484912296, -19.967319801664203
293.645728631208, 152.58339323723916, -20.170982535849504
49.206360118682284, -136.71476558508775, -19.564022687944032
298.96559469944725, 61.71745467054247, -20.369705428142026
-162.32498583946187, -206.10217260274487, -19.967770532189235
-281.8832564827997, 12.009025952684148, -18.368636908272492
-312.46677701205124, -122.89227499209669, -19.27124023272286
165.99532026457857, -250.24712322856504, -20.769443539029737
-133.73878908511608, -315.7543519014015, -20.471586544800132
151.9232081333056, -185.62725742403939, -19.466884803973407
-187.4776319790398, 178.52492983875874, -17.967632561103244
342.9561431097704, -23.382182250293752, -20.47167381365327
166.77084672628428, 256.07365420789773, -19.06969495760503
141.06497310393277, 161.3304242045302, -19.065973893746005
-79.55311698014367, 243.24416229058187, -17.867501172331984
124.66412113661633, -264.46313866861027, -20.8690706124668
300.7385834806188, 14.693630758615178, -20.369507698539692
164.00096675375917, 202.4884472828226, -18.96769794048693
-12.294401680481377, 321.18591614846105, -17.970460826420165
-231.24717016947628, -229.16433714943585, -20.07069318433119
-183.3798022616611, 281.51584373148665, -17.371224391779805
-226.4828177184032, -276.185593154978, -20.372382848744934
-191.68927044319884, -244.87202301797862, -20.169958851725383
-87.4210505560087, -309.7907818305255, -20.47048757505691
-105.25796188241287, -1.4114516821725331, -18.76324055129605
-312.4666793206864, -45.8486809089838, -18.87022183906437
69.2606803649633, 255.17646417325645, -18.36784642890276
-253.18646865765183, 193.23668658291166, -17.870341401385346
223.7250010560079, 269.79341421160717, -19.372011677786816
313.81333984325937, 105.36158074368018, -20.370993198562616
-44.761488043563816, -318.6396585382425, -20.170479098906156
-77.78229268083761, 348.9199628345187, -17.57238123755757
216.74544955559645, -206.20725945551715, -20.66939858960599
356.3635364256359, 29.804552984071236, -20.672438988128505
274.8084698809891, -150.63465179034054, -20.870092924818735
-82.21025001945996, 45.31227764813565, -18.663060952068633
-148.69582338754503, -246.5630473623409, -20.26887141683141
-229.69632388893632, 269.48553694874687, -17.472211901332173
-262.1598686052353, -25.469231319824203, -18.767831350512296
-296.1881828331723, 221.95835363042977, -17.673136079508183
36.238270066476524, 337.98745572953567, -18.171419916500916
-149.91559043645782, 250.69803651905664, -17.669061170876752
232.92297463575915, 197.6180531743434, -19.16969978972098
11.196792896252713, 285.7945612856618, -18.16877601324447
260.84843806569086, -4.592993189111212, -20.067728173247957
257.9650447700362, 233.30851362531976, -19.371872711040638
7.654232392578014, -54.49890374681056, -19.562605124524058
124.11057665380102, 235.0961429010442, -18.567910545456336
26.818915384904482, -353.8336642467989, -21.072231909967854
-98.72488434210743, -365.46171317548306, -20.673598058328366
-71.91426013434764, 475.96998162524875, -17.38052175054178
-136.18011495044516, -438.03171002983197, -20.97885866553063
452.210820024936, 69.57211531824575, -21.1788520960597
-419.72815304931055, 99.2916067620363, -17.57701462417478
-395.57259005405956, -192.18050158799537, -19.677584498539943
-405.1006660294024, -46.74288245110763, -18.67546329067912
-163.5500503048807, 444.4528892267351, -17.17994862744485
4.993892217709565, -212.96397763120603, -19.765922592239818
-213.63262705716156, -391.8026314114536, -20.577987326983887
475.5911853634651, -47.939273436567035, -21.380361352346597
254.41828426636846, -292.997336638486, -20.974190455179524
-250.25698347128935, 366.59858265340455, -17.17782798968372
-378.1771454675277, 238.76436375726738, -17.37809704948225
16.95388043296097, 473.19049936234524, -17.779930431099093
419.3009417090482, 101.48443721987215, -20.07702089326233
-332.413188646829, 168.48163066587603, -17.873293832732713
125.99033853857615, -382.3685431735726, -21.475071018576827
-151.80198066028532, 378.24489841091884, -17.275390009016725
101.1749883214364, 81.00336731443085, -19.463688015361242
169.98070988608595, -396.1891706348793, -21.47693930384122
-362.22066442544565, 198.7029448856594, -17.475793755588597
-385.04565094418126, 155.95539916784992, -17.47594941541621
-480.00609618016057, 12.406765672439619, -17.88052562459319
-250.90214271356345, 320.04925132725356, -17.275349631083827
409.4383421054288, -197.76018858363966, -20.278634019390722
229.37358753043497, -354.2372396665916, -21.17634115738855
-414.2983741392035, -115.43578698296295, -19.076929533100184
-19.609538179389308, -369.14263983982937, -20.87307256439534
426.28286299976276, 2.863100759576824, -21.176679714968145
73.14044795916494, 157.55177506198913, -18.964733627710494
149.9252050097445, 369.9025736502443, -18.87485650443979
73.46859095237855, 375.96455790797427, -18.273865551075957
162.11487921291962, -348.56840188294177, -21.37395534989288
400.90535400992127, 264.52854078112216, -20.280507363795834
-405.7681519141118, -241.78566760561645, -19.97991425795692
-268.47892067111536, -291.69344016866836, -20.27470976144913
70.476408441639, -374.8110946455197, -21.473763798823605
-100.27787063449043, 391.7665152531056, -17.475182728505473
2.4396237913078807, 430.4413579492014, -17.876882217822807
167.7637008293636, 408.4769926592013, -18.777654873402582
-69.46755004457756, -42.56856572792444, -18.962889847006316
73.5759453659945, 460.46675479722103, -18.079403540810425
-381.3884838389412, 48.39283384415133, -18.07400684445338
-311.584084033924, -337.6199700733464, -20.678942998451603
451.3246695705855, -83.72933067779823, -21.078959050204674
-334.5195056501469, -245.36613300476063, -20.075896973311615
367.5527816484953, 237.88374116481518, -20.07744020762999
302.2857899154303, 297.03530879111986, -19.67647577058483
-361.44307827216875, 10.41876222007506, -18.27266505004505
-65.59648575157135, 432.3280667950446, -17.477348139369447
271.59031725962586, -384.85869594974906, -21.17977965993809
119.23680602594413, -82.23544852167667, -19.264017299024182
-18.568454398811724, 37.12261531233689, -18.962502951638516
-70.79990046821862, 285.69347880098803, -17.769156384993675
-468.48338514171155, -118.31757675783307, -18.980749455045242
-366.0971654109667, -83.92224171256231, -18.973474927067002
3.767542339437748, -467.0651669662836, -21.579457760853398
-463.9397806590965, 95.91109377522625, -17.380039780255487
17.288497926040428, -405.5285019934897, -21.475273860028715
-375.73759890861743, 105.35591284876612, -17.874355953273664
479.46858448283757, 171.77353526277648, -20.98278433556132
495.7572509484334, 124.6495754668461, -21.282941143207495
418.9681835296305, 177.83709024196634, -20.678669575221505
16.961314584433843, 167.19394081851758, -18.564580265714188
395.9207855244416, 137.9704707316251, -20.076204207088182
449.7722596832916, 138.8657016183775, -20.979810294630653
444.2305293536464, 261.4474840798621, -20.3832641036214
-88.42511189030586, -495.493887118678, -21.4822160199816
-90.63843944317782, -414.9699098909524, -20.976504155906177
-36.45585903934121, -481.9754514259045, -21.480669789389893
-143.27429956592545, -501.65536571950753, -21.483698170042423
-111.69586465164112, -533.0708680209874, -21.78561046318262
-62.38320570275388, -447.0808958901456, -21.278332062257366
-392.0315102519029, 363.9229486055974, -17.18484635999988
-56.39291755519506, 194.83033950129277, -18.2655918102336
-368.4275348486375, 321.6737282776593, -17.18116366251695
-301.2958535319087, 342.2858915967566, -17.278694910259375
-392.804681865324, 286.1835617129641, -17.180935183463305
-344.27306899382256, 358.5561082079971, -17.18177320425005
-350.2545450671977, 275.9448676551524, -17.277994296551526
-123.99376017126676, 88.8398520603146, -18.264196928213636
158.01919308407187, -59.56935184815817, -19.6646123485665
162.89450990085632, 125.34273058983231, -19.36568829797217
184.05840402171975, -94.36468610463166, -19.965733435124818
173.53183617836572, 3.161580657752676, -19.864740215295356
-183.93030054758304, 29.30645278045712, -18.36509944888263
-121.43528667536441, -52.60944730380582, -18.863746026676168
-47.638166879957225, 70.36464323277124, -18.662934424100875
148.6008047608295, 75.33676240398822, -19.66455154086153
-84.98012291599417, 112.51533681877564, -18.363928285917172
227.71632707095307, 68.87555980323853, -19.96682329977571
-170.74470910637228, -67.0233608262653, -19.165015755058874
70.36932645609886, 202.78496390975687, -18.765979105459472
-74.78653595458125, -87.0063896856582, -18.763401330677773
-119.66279445934376, -143.57200110558892, -19.365110274167684
10.64613313924208, 73.5461501484902, -19.062800487485347
-11.737574265266055, -136.41564003232298, -19.76383645063217
-187.69806896146525, 74.63883446380378, -18.165578846858935
-55.838367560999416, -133.73021943834289, -19.564014324896004
76.79560454470104, -220.22308624773052, -19.866631422410045
14.967374265361542, -102.41585597251668, -19.663207144345108
29.259935924680647, 213.5215663686118, -18.466006682439527
-66.255167330272, -210.77611355053997, -19.96619372244822
53.41741410356643, 67.5817805981603, -19.462950346123435
-212.85102493035217, -69.5085640447692, -19.066314377348846
108.37676749242038, -179.76137255968433, -19.465824201786326
-130.8550942874936, 165.00485654151174, -18.065849177798555
-28.24789924950327, -182.84109574144196, -19.86504949682573
220.29285259488654, 13.400885550673994, -20.066203834517324
5.5494965409714885, 1.471326181550645, -19.3623704395788
-107.91851760304644, 200.9925641118306, -18.066449644997306
188.60219729005505, 51.37817496196913, -19.965376023498898
-158.00184664697497, -22.88490858806884, -18.7643749683849
93.64035634830657, -120.01287638914573, -19.264186680190747
27.15566343297157, 126.33548147537587, -18.863676200417352
-17.27887591089906, 226.94130289832583, -18.26642579870156
-87.53002453331077, -170.7115901113289, -19.66525410656281
-133.73530866596545, 44.715460342011376, -18.4639330260241
-139.8297093156325, -103.21028008781099, -19.164742153500626
-26.165728075741384, -26.045844123355078, -19.262474905822828
199.3499539164073, -31.63416810849842, -19.96557601276055
-42.20905595182492, 150.8898972718065, -18.264291669689108
-169.30440617871568, -145.55994808115628, -19.566285030912994
-192.35232175228032, -109.67158046468674, -19.366223955044248
-30.13083224774475, -86.80748051835445, -19.46302964155124
167.21519414902966, -136.61589444772363, -19.566031959602327
223.83818339236024, -69.51176387865809, -20.16669228116851
-219.05636961582331, -9.364061059497239, -18.566153850678162
15.963996904082887, -169.91831113181544, -19.764649624374407
208.10291680944385, 118.28438932881066, -19.366874498010674
113.58548254326249, 127.4292376643036, -19.164655943861533
132.75484752776654, 33.18444978634087, -19.663842082324138
135.63640036825254, -23.580696490404023, -19.76386028651669
-87.75107407025799, 161.42717796628972, -18.265015594703822
113.91675582684164, 194.23587127035867, -18.866345248356453
-223.7106581199821, 44.11933552671296, -18.266461758684912
-119.10984820176459, -198.9448187058203, -19.966585590694535
-23.48302827506444, 112.81451079801242, -18.46340825443233
-184.0429990720615, 221.07342845493642, -17.768863942521705
-226.26104609238095, 227.0368152213679, -17.770437494867167
268.4921642174786, -214.5590494257536, -20.871651380431032
-240.9876324524434, 100.51954042677616, -17.96773308404174
-51.295062282623206, 9.026307184151191, -18.862581446601837
110.59039839600933, -320.3332886454899, -21.171369278955474
-331.96862135248904, 90.64347208522213, -18.07169056721878
-246.09431732200272, -150.7276733546548, -19.66891715084263
158.9020887302929, 321.98567737785794, -19.072477785277073
-218.39302360415223, -187.31172188402903, -19.768872569276837
199.6808925343355, 228.4362655504028, -18.969595791237808
-273.9059384075405, -96.74702148113396, -19.269009649380152
-94.17958321489398, -262.0719178172018, -20.068446577316543
-282.6684521106675, 57.20857990739026, -17.968916898567414
236.13725821328097, -167.43589722275604, -20.86895542541353
66.71417362612716, 111.92035618000577, -19.163699607692998
63.16420196722892, -331.16810388290094, -20.971273251100794
-271.5804413199982, -188.1067163933661, -19.770948349795418
20.72569569539495, -306.1155988940364, -20.16974220392889
322.78830330956043, -136.22022454254673, -20.572027146630006
-143.26807597851746, 318.8960302032269, -17.47195062024958
62.722184723047995, -266.54896485224003, -20.168243254873506
182.94726844309358, -292.49963015614856, -21.17170581198505
253.09064712137177, 107.74706339080944, -20.068321946287966
58.17887068160858, 301.9999619294829, -18.269778886541946
-290.5432822519743, 99.26147215352555, -17.96978784302415
575.5376030620921, -191.1012376275335, -20.19131588164919
600.8013170144201, -235.54233311763716, -20.495141669616174
627.9488294416625, -194.18443980781194, -20.496376540086914
632.712481803767, -262.98246649235443, -20.89931330677024
661.0806710232105, -165.0549314737304, -20.79892029221432
695.5406663790559, -231.16969359985063, -21.30465414334236
-4114.207065836951, 6984.2151921668, -7.9165468818910085
-4093.1292812194797, 6940.00201471025, -8.05469745297728
-4087.6504491842798, 7049.524628275743, -7.571189313407558
-4049.940474802831, 6987.232998934416, -7.778528336571753
-4011.1393782096143, 6953.662563762661, -7.917234766377533
-4005.7558981024413, 7036.451739491433, -7.504565145388824
-3785.525448918564, 9911.18120564787, 2.314124304400366
-3775.2816283018237, 9849.172720819646, 2.3162081079137806
-3729.317601043418, 9875.446839519935, 2.8027778088937794
-3731.164569879134, 9951.942855379175, 2.9828815135524565
-3692.7330439943025, 9851.822111297122, 2.960670373905259
-3690.913611598228, 9917.091110446981, 3.360654004163962
-9704.422343717095, 9472.782590784684, -24.40845912996747
-9668.373047373932, 9423.83642781071, -24.281005376449684
-9661.233635944995, 9359.769484683318, -24.27586846890881
-9639.37144053707, 9463.891696030245, -24.196170345257542
-9619.281595214143, 9419.900096285946, -24.100624835744384
-9618.250534723064, 9373.906993304721, -24.13135144948137
1365.9746509516133, 17349.93147691067, -7.78968572126189
1369.205597940028, 17256.872834481434, -7.938108279765061
1381.1041872158075, 17306.999348339836, -7.876405522083587
1414.1902901900803, 17259.021387475244, -8.25378007769666
1419.0736420631124, 17333.996069530273, -7.958037651161817
1444.1631736197396, 17300.026771755398, -7.971535220991882
4269.299492453222, 22752.850967324983, -20.05125483961001
4314.509180341178, 22690.875720119897, -20.06119743909403
4318.49636484266, 22732.793572198396, -20.113062968894383
4335.257372235776, 22798.91304368395, -20.560318589115923
4376.40129510736, 22718.036007078557, -20.400174802744687
4375.073605178689, 22785.488299850986, -20.639695457681
-7573.548646857009, 28172.547438538248, -86.74144815136015
-7543.784432400079, 28092.33700793727, -86.35248094616236
-7521.867738879363, 28217.65660442985, -86.87927211218266
-7498.689856269124, 28144.100900229387, -86.52709576746884
-7492.028249093167, 28188.030862940723, -86.71308602869067
-7491.266801314876, 28094.63964926548, -86.30043115342141
-14222.261863302352, 42777.78537867403, -179.32961016942136
-14202.036626047444, 42727.90666784702, -178.95023625488648
-14192.246456660641, 42847.0999926269, -179.72737455948936
-14162.446401587214, 42751.47651195003, -179.01962578675102
-14150.407534737198, 42795.60685155018, -179.28851993202443
-14120.453830702718, 42752.711254465015, -178.93436159192242
463.7104735107693, -780.2464927928045, -23.62699169648627
502.37949002406185, -830.2561327087126, -24.136243001040356
518.0108327904491, -701.5115419525306, -23.622050924513815
519.336446331048, -768.4190098248134, -24.029863438911377
554.3484832055209, -818.2303919562734, -24.139015092202015
559.6717374601399, -736.707032258942, -23.92955206796171
-132.36070488253554, -1298.447591702039, -24.895818028665637
-126.15151613787596, -1253.911148511117, -24.886787023261476
-93.36252882224106, -1347.3631155426742, -25.10526299848135
-78.17280025906906, -1262.6640910795313, -24.887740489900626
-72.74735659714868, -1305.8102952010522, -25.09635710663196
-32.41278129268394, -1293.686073281222, -25.093554180128038
-1214.9552774495585, -1408.8726209174715, -26.634109377074765
-1204.645546577913, -1363.1481138640165, -26.32221585093407
-1157.4406144579839, -1358.1833036590601, -26.412376070629364
-1148.5711020018534, -1312.6564901916097, -26.401240120018826
-1137.1707557888362, -1423.8922188170952, -25.823033239691085
-1090.7387738305003, -1387.3166620550767, -26.106831750846595
-2138.243953098665, -568.0725700198971, -25.74772417571853
-2102.3394950398056, -504.1613313222605, -25.630365054597974
-2095.028696850705, -571.7520091568515, -25.933645035010045
-2079.850972653548, -620.1594917665866, -26.233174434383386
-2053.253404843943, -531.6965796271289, -25.616534689425066
-2014.3612189423643, -564.9963345018581, -25.506936459486724
-2756.3253976644096, 683.1874871830629, -23.197261562264885
-2739.3743209497657, 729.2066444319323, -22.89501639149512
-2707.602466268537, 691.7377759320633, -22.97721629372427
-2697.207063760806, 761.3213503048265, -22.68071176292665
-2685.77113689789, 646.2178451159209, -23.06317239616169
-2660.1964097862974, 734.3889330333608, -22.761940491075848
-2647.584947058549, 2641.4027772272366, -10.860962716116546
-2617.6059643032418, 2677.3005974836187, -10.96348808300263
-2604.640173211349, 2614.2692154428532, -10.832028074887603
-2624.717696129167, 2722.371641024499, -11.285488567057882
-2557.8323692644476, 2608.559463286615, -10.91066133178947
-2564.268186746589, 2657.460786029844, -10.533429866852885
-1292.1536810067382, 4661.24394092604, -6.895860073132894
-1268.9069205411565, 4720.994014821998, -7.1350850646296635
-1260.3334022593845, 4611.1565465777985, -6.453082300807807
-1221.58669320238, 4707.095643224911, -6.91553905058737
-1216.5841971206664, 4661.669468822197, -6.681240091853056
-1208.584720173627, 4606.205299354897, -6.439445301312617
1584.7411766763685, 6127.786155697479, -3.8016130533826527
1619.9579006306988, 6170.060840620146, -3.6512266290789057
1640.3677212122384, 6124.433732005928, -3.812524391202146
1646.6406133516984, 6215.655317719558, -3.402328308472761
1571.445021710243, 6174.260834105591, -3.643094691757483
1596.2925941135104, 6217.860003546233, -3.391616754005099
-535.1626561695422, -497.6003140768411, -21.8043196031673
-546.0921309048224, -420.2149149698506, -21.299686506207593
-533.127151767939, -378.26407515970214, -20.89596057150007
-492.3421440382608, -467.571437017435, -21.698584106049196
-497.78045641031355, -402.4213367847796, -21.19456812780848
-429.9397020592998, -489.9187311932602, -21.595727679579483
8154.897303738652, -149.1373884024474, -27.4015593524623
8161.212130118243, -191.51470587019867, -27.710804945829295
8179.71549636614, -230.01274178056497, -27.83588909662467
8202.211227793332, -142.57192614005885, -27.562360186735077
8217.28002916256, -183.3583383788041, -27.882887771345395
8249.19156908438, -215.39067869707242, -27.925272306801162
11379.468928869534, 4054.636819310881, -26.248494063571343
11395.992661895107, 4011.6568746355983, -26.35097493757621
11424.564078912848, 4061.21911916959, -26.333667860133573
11439.092762924773, 4021.023745242648, -26.434380404052717
11445.160442039572, 4102.918077365219, -26.297432705840947
11491.826687934958, 4049.698200020262, -26.447743855072986
12373.41223604769, -3964.6369820622485, -31.151320246621253
12381.639734725355, -3874.0843386028682, -31.11175673220805
12403.896182469736, -3925.837341853394, -31.186823404632378
12441.472521006526, -3880.769738990972, -31.33278989104292
12445.54054386937, -3984.3628053302455, -30.90458799635053
12450.545833619959, -3923.064931506452, -31.276432869456585
14569.921552113767, -9106.668596716334, -28.777370044000236
14581.810454813858, -9060.59491193577, -28.939096800189873
14604.031312941623, -9131.574542860133, -28.99132553016716
14628.886289677474, -9084.516200959395, -28.681396711517664
14655.00348374993, -9128.526240809613, -29.004421925142196
14670.837579188352, -9081.359074293414, -28.973709119530213
18054.0551485988, -13803.263979709085, -69.25833555592544
18073.93118301723, -13764.160537115755, -69.13044390408868
18110.017175016044, -13797.15212853673, -69.4045110406496
18113.071658933542, -13841.158851464512, -69.40850255592613
18150.047229341784, -13770.016945238422, -69.26022653567634
18162.165579402412, -13834.045013813085, -69.63333881251674
26522.8842637248, -7789.336498979574, -84.21787871861852
26541.09293991541, -7729.773666368657, -84.22156478464967
26567.181274673345, -7826.423065562487, -84.74846604400773
26575.96364841709, -7779.605332973984, -84.62798721318904
26595.136801877175, -7741.884389363245, -84.66241231037748
26619.14901192552, -7823.466063559268, -85.06252598693936
36153.77279191869, -10521.498047766205, -146.37813498006653
36181.648763113204, -10444.456701181298, -146.11040595487611
36203.75401416219, -10508.379663320706, -146.64135641653775
36224.62984256823, -10455.358668929712, -146.3733608915736
36230.865697543, -10549.376734467023, -146.9636565299752
36249.73890463054, -10505.327013951186, -146.89873764744516
-966.7810818516978, -27.65509242019803, -21.636037823156073
-969.6623604508525, -117.12057317779272, -22.037491867507867
-948.4981233448743, -76.56212153310446, -21.833679316966993
-925.7828138149237, -116.52391716623407, -21.730930750205573
-908.9398769942334, -28.35111504694882, -21.22749637724445
-894.8677390893959, -80.53943209685107, -21.325942457850317
-1117.722841391858, 758.1409102222267, -19.90578265407936
-1121.1554884263699, 710.2279975544557, -20.00087674250443
-1095.001581194193, 663.8066313114573, -20.19131541882848
-1080.711229212994, 731.2044611407734, -19.896231891497507
-1045.9155579048306, 674.0483200086055, -19.884112412387708
-1022.7595809118548, 735.1837725956016, -19.6870887307648
-646.2532707002615, 1689.8524279623982, -16.218953169638496
-610.1261583276921, 1657.0526836602721, -16.106779073842233
-598.2775618824787, 1713.5181532549996, -15.92056024840619
-566.24405388061, 1636.3818114266999, -15.897380683252067
-553.3998449841299, 1711.636567649333, -15.815984954136894
-518.268237977805, 1667.00664236484, -15.70120782653865
476.3099190636675, 2044.8069874861374, -13.507772464233682
486.93959979072343, 2093.4237275839337, -13.224338843950136
515.6506720526485, 2019.4624953423329, -13.502776814132034
531.7099675027032, 2065.296044577555, -13.21876726348242
556.4103230969514, 2123.4602508727894, -12.739969157953595
573.8175973423608, 2059.0403566826762, -13.020412327522479
1978.8564437019622, 1971.8994019445001, -16.775361863275975
1981.3946330251147, 2038.8153247632952, -16.597177120481547
2020.6269347871166, 1996.3658375394987, -16.796124309339007
2023.8469875710684, 1952.3189256881865, -16.883525362830937
2028.7082119228126, 2041.9053681628639, -16.713107388907474
2073.2589559843627, 2004.826156428192, -16.915745503002427
3525.06231654758, 943.7786836648747, -20.51076506570871
3545.010046197518, 900.7222766050243, -20.515650936797556
3536.58255621153, 991.3124251240727, -20.324377395534157
3573.700666681592, 1015.3810026078852, -20.348946077265737
3589.770917381681, 972.7215882094836, -20.351368626863405
3604.1786786352395, 932.0509748925929, -20.453463075004947
4625.665129069566, -1286.4058911797397, -27.77711980184995
4659.690936785048, -1202.970584809203, -27.685731631955377
4666.3286832388685, -1308.7865833033638, -27.911427266273677
4684.0623598367165, -1259.460705130695, -27.8145626775447
4708.214427463273, -1297.9501981959895, -27.840138703617413
4722.9587500097, -1225.849705901944, -27.53683564321841
4448.306998791715, -4482.364032417186, -33.59462612851826
4482.224831166068, -4451.944778249763, -33.49719199159813
4488.951927601397, -4542.246366838732, -33.66556819352786
4501.711674556034, -4494.714694056223, -33.54095457370522
4542.9409525564415, -4467.6793351400065, -33.5513422412364
4546.685686140255, -4529.836014211885, -33.59783248932422
-173.06738474535342, 667.7206739848835, -16.999652513089032
-139.4906659334405, 629.6478149819717, -16.994956678542444
-131.62166653862346, 586.8011351068453, -16.990705776094316
-128.9669914773629, 671.2030234434073, -16.998968750814427
-80.43213238613944, 642.0779172575432, -17.095172073284616
-71.0150120893978, 685.8210571632785, -17.09960996140809
-4363.757646843398, -7027.725369110821, -44.63095577685294
-4322.192851819915, -7007.47515242055, -44.68025868547079
-4318.1791529114735, -6962.75599021118, -44.62858851606052
-4299.498516352681, -7044.754329805866, -44.80588557155329
-4264.903072591417, -7001.244916315464, -44.73467790137579
-4256.733640578444, -7057.101250838765, -44.89070786453317
-8324.237177905177, -9747.281762842991, -52.46215494710941
-8321.316105614662, -9704.257638905267, -52.29276782017723
-8282.339978726299, -9682.17534935262, -52.308266755635486
-8284.890179836715, -9815.238062499982, -52.71482581902001
-8269.991695238472, -9757.184941286747, -52.60639375158189
-8233.847821344523, -9714.143740855718, -52.5937650432611
-4533.402572145656, -14169.667296566578, -61.60906898702342
-4515.962617868217, -14229.014327394027, -61.82866493228198
-4499.50136723328, -14272.263333558329, -61.51353649885232
-4486.785207040116, -14198.241071891312, -61.63944971693718
-4446.704309335056, -14225.516092512704, -61.37197993063569
-4431.474296751901, -14181.607838425563, -61.26362268634125
-13873.137843997429, -10901.2071734249, -59.8289842152617
-13864.309518348986, -10943.021678229814, -60.08125155306061
-13827.263991534328, -10901.64492848341, -59.72965577140258
-13809.699492561334, -10965.809423218036, -60.30134075701608
-13792.658908852985, -10863.044595297231, -59.58857113539216
-13788.724781930398, -10928.291295823085, -59.9914045653386
-20784.12517569595, -6651.418926110638, -59.24860805147728
-20750.344447761625, -6682.2034366398, -59.27026444205512
-20735.137041313123, -6629.808212672963, -58.76593918400977
-20721.59799773259, -6588.130749817381, -58.378579582989914
-20705.5819337707, -6689.075942870376, -59.13131969423375
-20667.1019271513, -6632.425293047529, -58.64682130109395
-13277.306418575285, -25603.455394711822, -85.28510725000342
-13242.957250975047, -25658.838586191596, -85.43576545860287
-13232.652632712914, -25604.439655141534, -85.1958278924576
-13214.604253294148, -25556.709087813717, -84.96694448327798
-13200.315095100768, -25667.96299592175, -85.38364825416284
-13224.594162155892, -25725.825389736096, -85.66712666437888
-26086.976869052047, -28259.595913986046, -181.11727231899022
-26070.145772619828, -28314.59433643063, -181.39188002029732
-26058.843594904887, -28215.11757587419, -180.50495683053668
-26029.141647519395, -28262.802532168767, -180.79408735583092
-26029.957191607307, -28330.062481486922, -181.29561629143063
-25994.290121827464, -28286.591594593196, -180.85667990698312
387.89191409694797, 918.0302736200347, -18.540236637768174
324.0386067956989, 832.5844389434161, -18.624938900032816
360.0630066392768, 786.0912918177997, -18.92098449101121
463.66654860728823, 744.0484510561158, -19.22266618761617
430.79505050436467, 876.0438989713211, -18.837102146788766
483.2980792249722, 861.2595845245334, -18.938869810933625
1102.1874827680194, 627.5336962439777, -20.88888973477333
1151.6087738446345, 588.6618579215384, -20.793958611787104
1160.9193543363606, 526.9213589298281, -21.090258838236252
1167.2303585038087, 643.9416692116104, -20.602149053230562
1201.2523001475195, 548.596859560783, -21.099588327247545
1212.9955539600808, 599.8997083811828, -20.706436725343906
1715.9569518361855, -293.52906758228244, -22.9010136986941
1724.8196774345029, -353.28443436809516, -22.906443025641238
1747.093770846158, -259.42607524455974, -22.70802858270565
1769.808789784894, -313.81336969100556, -22.616762344267954
1807.039482773633, -291.1452027483952, -22.626175883926862
1808.8109205012336, -355.1766272554524, -22.729922234224773
1454.1424928553306, -1524.0068691101337, -26.110840210548417
1508.3260444667314, -1532.2661309486816, -26.125459226791463
1531.6033012449836, -1460.3839119926497, -25.81418071357791
1535.9112948380598, -1577.010983051593, -26.242971147316098
1543.2335461618034, -1505.2263387438636, -26.127414543783175
1571.815795954534, -1552.9547030122799, -26.14586053435346
683.7209184400399, -2736.824367822458, -29.885931386264474
682.7365506021082, -2676.9736377570453, -29.560443253824758
713.9777872928164, -2706.8059750219363, -29.67646126136043
747.2299654695694, -2657.898563132868, -29.559734750253654
750.8658151157751, -2755.132043271263, -29.901393771651556
771.1552907700373, -2701.9468034664797, -29.681090097348203
-1005.1306432468128, -3561.434943012273, -31.63552333325015
-971.3499270038926, -3615.122886110321, -32.160447303797355
-963.8988789562416, -3520.6893835303486, -31.506524624913027
-937.6492618307605, -3561.055487439211, -31.82498670306893
-903.0692901928182, -3533.3310081253067, -31.804566154420343
-896.2203264947542, -3608.1863831509127, -32.245472218531916
-3483.233047203178, -3459.5468787992722, -36.75545455985525
-3480.561975978384, -3415.9176385147134, -36.5304912748843
-3442.9865408382843, -3373.7882116234546, -36.38759507996133
-3419.83832290774, -3411.958151829628, -36.49537356094925
-3405.8884726987194, -3455.394559986449, -36.511241482174455
-3367.539692109519, -3421.3152253925023, -36.472426385437984
-6225.9241672364615, -1598.9744150540907, -34.71537860928038
-6209.78271323819, -1700.662717009446, -35.025854288629944
-6179.746833401205, -1647.109019618063, -34.98250266273999
-6164.685572798162, -1710.9034963778677, -34.984641397004
-6168.82232949571, -1588.89479886952, -34.757121427006496
-6127.8943557168, -1685.073669873819, -34.74215210898774
