1.06943, 16.20237
-2.50474, 17.45575
-8.38275, 16.68436
-10.74558, 16.03704
-8.11341, 14.84059
-11.03059, 13.55475
-11.00498, 11.78910
-8.67151, 12.73160
-4.87173, 18.84045
-2.07801, 15.72392
-3.74669, 15.13202
-4.31309, 11.81897
-2.30062, 11.88008
-2.11252, 13.81974
0.73405, 12.95960
-0.48123, 14.90530
-12.99899, 8.42934
-14.79075, 8.65746
-13.30289, 4.97938
-11.61363, 7.36963
-12.42237, 3.26476
-11.00288, 5.37547
-9.72887, 7.74215
-10.16379, 10.21884
-8.20222, 10.74133
-6.56218, 11.42542
-5.77972, 13.07310
-6.33120, 15.31779
-4.55015, 16.99977
-13.07367, 12.45391
-12.58133, 10.60684
-16.16001, 9.90338
-4.15785, 7.75636
-2.75012, 9.04601
-4.99899, 9.90977
-0.71967, 10.90440
-1.26799, 8.09324
-2.44067, 6.45596
-0.59577, 6.21753
1.09521, 4.05116
-6.30343, 8.55090
-8.07670, 8.69107
-9.11546, 5.83468
-7.26773, 5.75332
-6.32356, 4.22454
-4.79917, 3.12402
-5.30886, 6.37559
-3.03794, 4.44248
-19.00400, 1.17150
-17.67522, 0.02057
-16.09611, 3.01298
-15.83687, 1.09323
-13.21483, 0.02025
-12.04869, 1.27655
-14.44172, 2.24397
-15.11005, 4.81829
2.63151, 5.09625
1.13998, 7.35587
0.50592, 9.07146
3.42547, 9.90430
1.73426, 10.36243
-16.60533, 5.77331
-17.27978, 8.08679
-17.66732, 3.68541
-6.13828, 0.40735
-4.41053, 1.43848
-7.08877, 2.58699
-14.25738, -1.96414
-16.31955, -1.36925
-17.46847, -2.68803
-16.88855, -4.33869
-17.37200, -6.25886
-9.06488, 3.17514
-10.71754, 2.53861
-8.20146, 1.16309
-10.51872, -0.28483
-9.42967, -2.72404
-7.55632, -0.99505
-6.23754, -2.25020
-3.31075, -0.75483
-9.58331, -6.87206
-6.01910, -6.22651
-6.63310, -8.53650
-4.79348, -8.75646
-4.42230, -7.03213
-4.40502, -4.68715
-2.22186, -2.97936
-4.32088, -2.33004
-14.44215, -4.66288
-12.64733, -4.85001
-11.06405, -3.71076
-12.71480, -2.98230
-11.23326, -1.93598
-6.17181, -4.31122
-7.71891, -3.28575
-9.06622, -4.54756
-8.33622, -9.16927
-11.35799, -7.18874
-10.78297, -5.52908
-8.16406, -11.58482
-9.95495, -11.45570
-8.68453, -13.89925
-10.92719, -15.09112
-9.39048, -16.00927
-13.11644, -6.51820
-15.12330, -6.36378
-17.38991, -8.66753
-14.73036, -8.76979
-14.60217, -12.37882
-12.87738, -8.78938
-12.70827, -11.45839
-11.17446, -9.50715
-2.09466, -14.38278
-5.49650, -14.93040
-3.83164, -17.00889
-2.03681, -17.24263
-4.02613, -18.95346
0.55525, -18.79410
-0.15471, -16.73134
0.54232, -11.21177
-6.64128, -16.25742
-5.55710, -17.94125
-7.06108, -13.02937
-5.18194, -11.89030
-6.00071, -10.24054
-0.34952, -12.69337
-2.77564, -12.66275
-4.38597, -13.56088
8.14194, -15.17663
6.68233, -13.46259
6.56756, -11.65097
10.43320, -8.71968
11.53822, -11.45499
8.77447, -9.29297
8.33400, -11.17259
8.57712, -13.39778
5.04816, -10.83653
3.37832, -13.36174
1.49721, -14.69726
3.22778, -15.06130
1.69066, -16.85723
4.82865, -16.59054
5.94504, -15.15518
8.00360, -17.77990
-2.76035, -6.30084
-1.97911, -8.16470
-3.85860, -10.38000
-1.78392, -10.88798
1.82488, -12.51464
3.35731, -9.95255
1.61517, -9.78204
0.73197, -5.96449
9.97081, -12.35157
9.92236, -15.03797
13.39321, -13.60759
13.36407, -11.78301
14.85489, -10.70156
13.22771, -9.61874
-1.28806, -5.26367
-0.22117, -8.09793
9.84749, -7.02324
8.18618, -4.99069
9.97979, -5.21958
15.17835, -3.38785
12.28325, -3.78649
13.88813, -4.70497
11.67676, -5.90234
12.27847, -8.20057
5.73413, -4.96764
3.42368, -4.19410
3.13123, -5.94269
5.50707, -6.71540
1.93689, -8.00233
3.98177, -8.25504
7.07564, -9.88960
7.22712, -7.18235
-1.13891, -1.30779
0.17896, -3.10671
0.76710, -1.24984
1.70037, -4.46831
3.04093, -2.41672
2.15525, 0.50868
2.35902, 2.76047
-0.54953, 3.46985
13.38383, -6.67496
15.02685, -8.31072
16.59588, -7.35845
15.87964, -5.66052
18.88581, -4.21896
0.48596, 1.17986
-2.72317, 2.02581
-1.93520, 0.35425
11.85574, -0.74274
10.24480, 1.88444
11.38618, 3.25516
15.68863, 2.08952
14.02256, 2.81247
12.13838, 1.09125
14.04583, 0.19905
13.85596, -2.18538
3.75297, 1.24191
5.91498, 1.24588
5.77927, -1.29670
5.11670, -3.02054
7.91567, -0.46253
8.33064, -2.24581
10.08067, -2.22126
9.66201, 0.16733
4.65896, 5.85134
4.27500, 2.96925
6.09709, 3.02871
7.70005, 2.11862
6.67474, 4.70244
8.55695, 3.75250
7.97572, 7.27354
6.65176, 8.56555
16.37089, -1.57351
17.03276, -3.54136
18.60933, -1.64595
16.70675, 0.36179
18.22632, 3.84413
5.29150, 9.92369
5.13905, 7.73497
2.88428, 7.84351
16.09337, 7.18504
15.69926, 9.36282
14.24987, 7.15731
9.59118, 14.47822
7.88760, 13.89875
7.05074, 10.70100
9.49242, 11.73374
10.17910, 9.52462
13.82778, 9.89529
12.37439, 7.80201
9.91349, 7.77022
10.29333, 5.94961
11.90421, 5.36682
14.36302, 5.39622
15.79303, 4.24630
17.64078, 5.55133
3.41182, 13.01232
4.35392, 11.43454
6.47488, 12.39765
5.20682, 14.49442
6.79323, 15.39498
8.36338, 16.32401
6.71622, 17.75555
4.61305, 17.19256
11.29291, 11.69491
12.00839, 9.67645
13.09566, 11.51639
15.78106, 11.91386
12.54684, 14.61739
2.09804, 17.73624
3.30737, 15.99139
2.09787, 14.31531
