-15.71160, -4.09950
-15.77272, -7.88658
-13.18538, -13.22059
-11.82533, -15.25830
-11.52089, -12.38303
-9.37998, -14.74521
-7.71268, -14.16358
-9.34356, -12.24691
-16.33949, -10.56964
-14.26413, -6.93501
-13.17578, -8.33155
-9.85331, -7.82323
-10.54653, -5.93293
-12.44640, -6.36671
-12.52876, -3.39416
-13.99138, -5.16147
-3.89528, -14.99515
-3.54617, -16.76731
-0.52577, -14.19453
-3.32704, -13.34611
0.82325, -12.81781
-1.62761, -12.13713
-4.27543, -11.67530
-6.48822, -12.86975
-7.60317, -11.17338
-8.76996, -9.83312
-10.58038, -9.61075
-12.53625, -10.84257
-14.69442, -9.68349
-7.69053, -16.33636
-6.09329, -15.28616
-4.29619, -18.45984
-6.04740, -6.39357
-7.71547, -5.46489
-7.82522, -7.87143
-10.11976, -4.12484
-7.27924, -3.75779
-5.35551, -4.35371
-5.71161, -2.52787
-4.18975, -0.23953
-6.12407, -8.68026
-5.69735, -10.40711
-2.65910, -10.49116
-3.16514, -8.71221
-2.01254, -7.33375
-1.44946, -5.53992
-4.37390, -7.04989
-3.25644, -4.28490
4.88698, -18.40222
5.55965, -16.77808
2.22178, -16.22426
3.96156, -15.37230
4.15203, -12.54563
2.59187, -11.83565
2.42927, -14.41171
0.19751, -15.85845
-5.66634, 0.88836
-7.33965, -1.24017
-8.76738, -2.38334
-10.47920, 0.12407
-10.38008, -1.62529
-0.23670, -17.57873
-2.21902, -18.94896
2.07968, -17.92740
1.55101, -5.95305
0.02724, -4.63910
-0.21717, -7.54295
6.36405, -12.90850
6.45050, -15.05302
8.06451, -15.72694
9.44773, -14.65563
11.42234, -14.50827
-0.15150, -9.60367
0.97416, -10.97092
1.48516, -8.14929
3.59049, -9.89105
5.56125, -8.08774
3.32932, -6.85593
4.10403, -5.20838
1.76128, -2.90323
9.54570, -6.92422
7.80811, -3.74599
10.19381, -3.59945
9.82185, -1.78445
8.06851, -1.97653
5.83797, -2.70032
3.52837, -1.16784
3.57480, -3.36450
8.98315, -12.23198
8.59418, -10.46985
7.01341, -9.32711
6.84324, -11.12341
5.38277, -10.04788
6.03894, -4.49545
5.55423, -6.28715
7.17681, -7.16728
11.33182, -5.01576
10.40636, -8.50820
8.65004, -8.48646
13.56954, -4.08994
14.01231, -5.83004
15.92993, -3.85325
17.76876, -5.60506
18.15490, -3.85709
10.32515, -10.38841
10.81209, -12.34142
13.71352, -13.76497
12.97107, -11.20911
16.35513, -9.94829
12.40477, -9.44468
14.88395, -8.44174
12.54831, -7.60226
14.30865, 2.55234
15.90207, -0.50273
17.34878, 1.73309
17.00403, 3.50994
19.25533, 2.16235
17.65801, 6.45921
15.92480, 5.13443
10.46740, 4.05358
17.52259, -1.17012
18.77811, 0.39014
14.59208, -2.58738
12.91810, -1.16386
11.61112, -2.46152
12.15476, 3.67500
12.89150, 1.36325
14.25202, 0.11874
11.83075, 12.51618
10.66506, 10.59016
8.98228, 9.90941
4.98066, 12.65217
7.22734, 14.56410
6.04823, 11.25920
7.97078, 11.43455
10.00547, 12.36762
8.68908, 8.21062
11.61227, 7.42322
13.47329, 6.05985
13.27246, 7.81685
15.46176, 6.92519
14.21821, 9.81857
12.50384, 10.42482
14.34459, 13.20664
6.85002, -0.63038
8.37199, 0.69925
11.06729, -0.38490
10.89443, 1.74406
11.29882, 5.68182
8.38400, 6.32719
8.77212, 4.62028
5.42852, 2.57723
8.57283, 13.35983
11.13718, 14.16181
8.68436, 17.00372
6.96226, 16.40014
5.46552, 17.47339
4.95168, 15.58761
5.40114, 0.43927
7.75374, 2.34624
3.55583, 11.56093
2.15158, 9.34298
1.80262, 11.11713
-1.57639, 15.47175
-0.28429, 12.85049
0.08066, 14.66323
1.91483, 12.94286
3.90563, 14.23924
2.90370, 7.00901
2.89900, 4.57251
4.65051, 4.84695
4.63378, 7.34524
6.98184, 4.36379
6.57617, 6.38390
7.15058, 9.83554
4.53392, 9.12474
1.60043, -0.66788
2.89140, 1.15045
0.94381, 1.12239
3.70315, 3.02385
1.33330, 3.64830
-1.16298, 1.88450
-3.36397, 1.36707
-3.11900, -1.61669
2.10911, 14.80654
3.14263, 16.88189
1.74378, 18.07012
0.35874, 16.85455
-1.95802, 19.25200
-1.27293, 0.08869
-1.06268, -3.22340
0.27471, -1.94808
-3.03749, 11.48407
-5.02186, 9.12622
-6.68278, 9.77659
-6.93480, 14.22701
-7.09489, 12.41792
-4.86693, 11.17337
-4.62242, 13.26492
-2.29996, 13.83740
-2.36304, 3.16910
-3.04925, 5.21932
-0.59381, 5.89311
1.25104, 5.80855
-2.05969, 7.65699
-0.49856, 8.61363
-1.07426, 10.26645
-3.20858, 9.11523
-7.02279, 2.57380
-4.16686, 3.11921
-4.79841, 4.82937
-4.44082, 6.63765
-6.56891, 4.84918
-6.26165, 6.93501
-9.41922, 5.27208
-10.22727, 3.60798
-3.67439, 16.03062
-2.01606, 17.27980
-4.31221, 18.17749
-5.61676, 15.73844
-9.40072, 16.08112
-11.08660, 1.88858
-8.96167, 2.43479
-8.35294, 0.26103
-11.89757, 13.00267
-13.83961, 11.94129
-11.28936, 11.26216
-16.76548, 4.53081
-15.67791, 3.09723
-12.37948, 3.31252
-14.13013, 5.30339
-12.25071, 6.65227
-13.75412, 9.99741
-11.30910, 9.27906
-10.50216, 6.95401
-8.89452, 7.88911
-8.85000, 9.60159
-9.65402, 11.92541
-9.01427, 13.64529
-10.83582, 14.98664
-13.42401, -0.86993
-12.22427, 0.52203
-13.80762, 2.23056
-15.39694, 0.36547
-16.75220, 1.58652
-18.12935, 2.78315
-18.96778, 0.76834
-17.76972, -1.04960
-14.66161, 7.02408
-12.97218, 8.34011
-15.06126, 8.79102
-16.28606, 11.21367
-17.83049, 7.29143
-17.49173, -3.60765
-16.21781, -1.90938
-14.24565, -2.52800
