13.87787, -8.43002
16.64000, -5.83844
18.66993, -0.26839
19.18679, 2.12636
16.91012, 0.34406
17.11657, 3.52537
15.53859, 4.31794
15.29713, 1.81292
18.96120, -4.37827
14.90681, -5.41728
15.15230, -3.66384
12.47511, -1.63163
11.60006, -3.44494
13.23371, -4.50742
11.15636, -6.63519
13.44337, -6.45565
13.47919, 7.63801
14.50887, 9.12199
10.55936, 9.50059
11.89952, 6.89849
8.63189, 9.51128
9.84866, 7.27755
11.35967, 5.05469
13.75734, 4.29686
13.31504, 2.31566
13.16455, 0.54505
14.26476, -0.90981
16.51047, -1.45713
17.18000, -3.81358
17.08351, 5.84591
15.21779, 6.26208
16.24627, 9.76123
8.79986, 0.10657
9.29377, -1.73760
11.09835, -0.14166
10.00463, -4.39673
7.76429, -2.61232
6.85348, -0.81613
5.79011, -2.34249
3.08772, -2.84208
10.49534, 1.64285
11.43848, 3.15103
9.38448, 5.39136
8.45913, 3.78997
6.66711, 3.65839
4.98705, 2.81441
8.10657, 1.76510
5.34330, 0.64338
9.81420, 16.31581
8.17975, 15.66861
10.10490, 12.88619
8.28236, 13.54268
6.11989, 11.71235
6.69577, 10.09787
8.65887, 11.77381
11.25092, 11.17793
3.30533, -4.68737
5.99836, -4.40774
7.81287, -4.63749
7.20351, -7.61172
8.39079, -6.32315
12.78847, 12.06329
15.15199, 11.59329
11.42686, 13.96938
3.19567, 5.25663
3.31250, 3.24797
5.56792, 5.09328
4.84111, 13.55339
6.32099, 15.10787
5.68173, 16.73592
3.94980, 16.98371
2.46982, 18.29917
7.00208, 6.57453
7.20058, 8.33437
4.81868, 6.73773
4.60436, 9.46173
1.93788, 9.62204
2.60650, 7.16200
0.88422, 6.57179
0.85919, 3.28521
-1.67051, 11.67367
-2.74367, 8.21409
-4.50914, 9.82535
-5.55369, 8.29515
-4.19558, 7.16971
-2.12354, 6.07159
-1.61678, 3.34653
-0.07161, 4.90856
2.53262, 14.96342
1.53788, 13.45781
1.81732, 11.52737
3.22571, 12.65524
3.46970, 10.85796
-0.97427, 7.46516
0.64970, 8.36395
0.15258, 10.14166
-4.28401, 11.62821
-1.13195, 13.39405
0.07467, 12.11766
-6.50612, 12.59088
-5.56465, 14.11981
-8.31872, 14.12123
-8.34037, 16.66084
-9.86435, 15.72171
0.27478, 14.64419
1.33842, 16.35300
0.34157, 19.42726
-0.97718, 17.11543
-4.23761, 18.66819
-1.85016, 15.48086
-4.29569, 16.56327
-3.27315, 14.30178
-11.79047, 8.49921
-10.70543, 11.76955
-13.31781, 11.25254
-14.35391, 9.76843
-14.95287, 12.32296
-16.92696, 8.18564
-14.76944, 7.86290
-10.19538, 4.69598
-11.35390, 13.39773
-13.34810, 13.21355
-8.29675, 12.27954
-8.15407, 10.08677
-6.31265, 10.05125
-11.09776, 6.17118
-9.95035, 8.30902
-10.00343, 10.15212
-17.22137, -0.21420
-15.02702, 0.28903
-13.36709, -0.44568
-12.55196, -5.22806
-15.48846, -4.94520
-12.29457, -3.49203
-13.75842, -2.23342
-15.84445, -1.42159
-11.94310, 0.52598
-13.41194, 3.17316
-13.72797, 5.45839
-14.84996, 4.09145
-15.73320, 6.28417
-16.94561, 3.37760
-16.18792, 1.72457
-19.46662, 1.11056
-4.31432, 5.35787
-6.32833, 5.52553
-7.42547, 8.21557
-8.83403, 6.60987
-11.94326, 4.15993
-10.37826, 1.61760
-9.42257, 3.08417
-5.62855, 2.10483
-15.55999, -3.14090
-17.92048, -1.85748
-18.25438, -5.59664
-16.62250, -6.41329
-16.35162, -8.23502
-14.63981, -7.29169
-4.07417, 3.57301
-7.08083, 3.93539
-10.77676, -5.49186
-8.20675, -4.95679
-9.23798, -6.44205
-10.01364, -11.89903
-9.03043, -9.14697
-10.58618, -10.14641
-10.62716, -7.63201
-12.94355, -7.10453
-7.05408, -2.79244
-5.30109, -1.10022
-6.71707, -0.03340
-8.49952, -1.78401
-7.99251, 1.97703
-9.16088, 0.27988
-12.03935, -1.70966
-9.70793, -3.09409
-0.63414, 1.61409
-2.83833, 1.27578
-1.46283, -0.10331
-4.74858, 0.55499
-3.54780, -1.58142
-0.54398, -2.14661
1.35930, -3.36712
3.33154, -1.11476
-12.10072, -8.78945
-14.31032, -9.49152
-14.19015, -11.32297
-12.35335, -11.47167
-12.46276, -14.80382
0.82216, -0.97585
3.05434, 1.48007
1.20779, 1.55297
-6.13319, -10.17321
-3.05900, -9.95739
-2.37019, -11.60273
-5.39078, -14.88082
-3.98021, -13.73682
-4.63693, -11.27076
-6.30909, -12.55071
-8.33643, -11.28129
-0.63135, -3.90237
-1.62612, -5.82193
-3.81876, -4.52752
-5.04189, -3.14384
-4.06532, -6.80771
-5.83872, -6.35237
-6.62501, -7.91600
-4.31299, -8.64758
3.03893, -6.83439
0.65978, -5.16302
-0.12883, -6.80668
-1.67625, -7.80829
1.08906, -8.09191
-0.62265, -9.32282
2.76894, -10.43310
4.52630, -9.85531
-8.95496, -13.79459
-11.00608, -13.47302
-10.05281, -15.74666
-7.39341, -14.98613
-5.00619, -17.94196
6.35907, -9.27587
4.48805, -8.13001
5.62547, -6.18012
-1.05789, -17.59268
1.05581, -18.24869
-0.23125, -15.94467
8.41362, -15.19278
8.68625, -13.41412
6.23623, -11.19525
6.02484, -13.83792
3.74825, -13.42695
2.39227, -16.83452
1.20661, -14.57878
2.31473, -12.38126
0.52444, -11.87752
-0.73633, -13.03728
-1.84560, -15.23186
-3.52590, -15.96931
-3.22151, -18.21088
9.96666, -9.03474
8.13214, -9.14186
8.00708, -11.46789
10.45247, -11.31128
10.51875, -13.13428
10.61780, -14.95600
12.64816, -14.15596
13.11992, -12.03047
5.15903, -15.41704
3.03825, -15.11966
4.16826, -16.93367
3.28084, -19.49918
7.17230, -17.87874
14.76347, -10.05067
12.65736, -10.31767
11.72915, -8.47091
